4
11
2945.590671 1387.246358 2847.239568 2819.923403 
2855.874190 1658.511107 2764.188625 2721.426079 
3007.954909 1698.184410 2659.931404 2633.929277 
3021.370457 1315.071095 2552.904223 3110.654226 
3048.146211 1336.453071 2531.554766 3083.845952 
2985.869574 1415.337600 2536.466840 3062.325986 
2988.667531 1416.315757 2534.672914 3060.343798 
3143.578898 1531.999261 2665.837325 2658.584516 
3145.484536 1531.013814 2659.898030 2663.603620 
3137.396657 1546.445102 2662.197663 2653.960578 
-0.000000 -0.000000 -0.000000 -0.000000 
8
0
1
2
3
4
5
6
7
