4
11
5721.947229 3380.302638 897.750133 0.000000 
6953.725297 1717.837767 1328.436937 0.000000 
3581.298366 0.000000 3100.939567 3317.762067 
4698.211229 0.000000 4068.041142 1233.747629 
4289.426114 1996.487597 3714.086289 0.000000 
4433.631493 1727.419075 3838.949431 0.000000 
6992.401537 1465.685672 1361.822278 180.090514 
6056.085121 0.000000 2713.856594 1230.058285 
4402.482313 414.589371 907.900317 4275.028000 
4112.704388 0.000000 1271.845012 4615.450600 
0.000000 0.000000 0.000000 0.000000 
8
0
1
3
4
5
6
7
8
