4
805
0.738201 0.307692 0.602294 0.000000 
0.945406 0.461538 0.112811 0.826087 
0.950705 0.538462 0.057361 0.217391 
0.883933 0.769231 0.101338 0.652174 
0.984091 0.153846 0.015296 0.304348 
0.980382 0.307692 0.015296 0.652174 
0.970843 0.461538 0.015296 0.217391 
0.671959 0.769231 0.369025 0.391304 
0.964484 0.461538 0.053537 0.478261 
0.933217 0.846154 0.032505 0.478261 
0.875560 0.846154 0.101338 0.652174 
0.852243 0.692308 0.239006 0.304348 
0.731312 0.615385 0.252390 0.652174 
0.923679 0.692308 0.093690 0.652174 
0.788556 0.692308 0.304015 0.739130 
0.952825 0.615385 0.015296 0.478261 
0.645462 0.230769 0.588910 0.652174 
0.906191 0.692308 0.206501 0.304348 
0.921029 0.846154 0.030593 0.478261 
0.690931 0.692308 0.485660 0.652174 
0.740851 0.692308 0.369025 0.000000 
0.396392 0.538462 0.636711 0.000000 
0.899302 0.769231 0.101338 0.565217 
0.926434 0.461538 0.187380 0.217391 
0.907251 0.000000 0.187380 0.478261 
0.954945 0.615385 0.057361 0.391304 
0.884039 0.538462 0.206501 0.391304 
0.780066 0.769231 0.206501 0.652174 
0.958654 0.384615 0.053537 0.478261 
0.709054 0.846154 0.252390 0.826087 
0.894532 0.769231 0.072658 0.217391 
0.974552 0.230769 0.082218 0.304348 
0.821401 0.692308 0.304015 0.478261 
0.952825 0.000000 0.173996 0.652174 
0.957065 0.000000 0.160612 0.652174 
0.927388 0.307692 0.187380 0.304348 
0.714354 0.692308 0.407266 0.478261 
0.905131 0.384615 0.334608 0.217391 
0.937987 0.538462 0.032505 0.739130 
0.937457 0.615385 0.160612 0.217391 
0.948056 0.307692 0.043977 0.565217 
0.961834 0.538462 0.040153 0.478261 
0.818221 0.846154 0.206501 0.739130 
0.884993 0.846154 0.101338 0.565217 
0.979332 0.461538 0.045889 0.217391 
0.906191 0.615385 0.242830 0.391304 
0.863796 0.769231 0.122371 1.000000 
0.932158 0.538462 0.030593 0.826087 
0.894638 0.153846 0.378585 0.000000 
0.852137 0.538462 0.263862 0.000000 
0.707995 1.000000 0.246654 0.565217 
0.871215 0.307692 0.317400 0.391304 
0.962364 0.384615 0.066922 0.000000 
0.835190 0.692308 0.378585 0.478261 
0.870155 0.923077 0.168260 0.652174 
0.944346 0.769231 0.047801 0.565217 
0.952825 0.076923 0.212237 0.217391 
0.959714 0.692308 0.024857 0.565217 
0.973281 0.384615 0.068834 0.000000 
0.942756 0.846154 0.043977 0.913043 
0.915730 0.384615 0.122371 0.739130 
0.968734 0.538462 0.061185 0.000000 
0.974023 0.153846 0.103250 0.478261 
0.853197 0.692308 0.304015 0.652174 
0.767347 0.692308 0.317400 0.000000 
0.873335 0.769231 0.130019 0.739130 
0.981972 0.076923 0.015296 0.739130 
0.975082 0.307692 0.024857 0.304348 
0.820352 0.923077 0.160612 0.826087 
0.974129 0.153846 0.043977 0.391304 
0.944357 0.538462 0.053537 0.304348 
0.980382 0.230769 0.032505 0.000000 
0.747210 0.615385 0.447419 0.478261 
0.842598 0.769231 0.225621 0.391304 
0.976142 0.076923 0.177820 0.000000 
0.652881 0.769231 0.361377 0.565217 
0.950175 0.692308 0.066922 0.304348 
0.883933 0.692308 0.139579 0.217391 
0.947632 0.692308 0.066922 0.826087 
0.831470 0.846154 0.108987 0.739130 
0.948056 0.384615 0.151052 0.217391 
0.852148 0.692308 0.212237 0.304348 
0.985681 0.538462 0.043977 0.217391 
0.799154 0.846154 0.235182 0.304348 
0.719653 0.923077 0.225621 0.652174 
0.826170 0.769231 0.378585 0.478261 
0.974129 0.153846 0.160612 0.000000 
0.949116 0.307692 0.168260 0.217391 
0.903011 0.384615 0.328872 0.000000 
0.895592 0.923077 0.032505 0.913043 
0.926328 0.384615 0.187380 0.000000 
0.878687 0.615385 0.168260 0.391304 
0.998400 0.000000 0.059273 0.000000 
0.921029 0.769231 0.282983 0.565217 
0.930568 0.538462 0.133843 0.000000 
0.726012 1.000000 0.187380 1.000000 
0.919969 0.769231 0.061185 0.739130 
0.931628 0.538462 0.057361 0.739130 
0.876514 0.461538 0.198853 0.826087 
0.927918 0.769231 0.043977 0.565217 
0.899831 0.538462 0.168260 0.739130 
0.948056 0.846154 0.032505 0.913043 
0.820352 0.846154 0.198853 0.826087 
0.901962 0.615385 0.173996 0.304348 
0.825640 0.846154 0.206501 1.000000 
0.990980 0.076923 0.032505 0.000000 
0.703766 0.769231 0.252390 0.652174 
0.936938 0.000000 0.108987 0.652174 
0.873441 0.692308 0.168260 0.000000 
0.895592 0.615385 0.242830 0.391304 
0.953885 0.769231 0.036329 0.565217 
0.958283 0.615385 0.045889 0.652174 
0.993206 0.153846 0.043977 0.304348 
0.862736 0.692308 0.369025 0.304348 
0.885523 0.769231 0.101338 0.826087 
0.961834 0.538462 0.040153 0.739130 
0.978262 0.307692 0.005736 0.391304 
0.803383 0.461538 0.212237 0.739130 
0.972963 0.153846 0.296367 0.478261 
0.968734 0.230769 0.122371 0.000000 
0.947526 0.461538 0.130019 0.000000 
0.969794 0.307692 0.066922 0.391304 
0.862747 0.692308 0.173996 0.478261 
0.903011 0.538462 0.133843 0.652174 
0.984621 0.230769 0.015296 0.217391 
0.901951 0.307692 0.225621 0.391304 
0.918909 0.846154 0.036329 0.913043 
0.768407 0.615385 0.455067 0.391304 
0.907251 0.692308 0.112811 0.391304 
0.793844 0.846154 0.212237 0.000000 
0.868035 0.692308 0.242830 0.739130 
0.534176 0.461538 0.521989 0.000000 
0.972221 0.538462 0.032505 0.652174 
0.897818 0.846154 0.093690 0.826087 
0.994690 0.076923 0.043977 0.391304 
0.788545 0.615385 0.418738 0.304348 
0.931628 0.769231 0.066922 0.652174 
0.931628 0.076923 0.290631 0.304348 
0.910430 0.615385 0.133843 0.000000 
0.976142 0.153846 0.116635 0.391304 
0.943297 0.615385 0.066922 0.739130 
0.995231 0.076923 0.015296 0.000000 
0.757809 0.538462 0.420650 0.478261 
0.873335 0.769231 0.101338 0.391304 
0.937033 0.615385 0.065010 0.304348 
0.693156 0.923077 0.271511 0.739130 
0.661371 0.846154 0.252390 0.391304 
0.995220 0.230769 0.015296 0.478261 
0.736611 0.461538 0.420650 0.217391 
0.820447 0.846154 0.133843 0.565217 
0.817161 0.692308 0.304015 0.652174 
0.964590 0.230769 0.187380 0.000000 
0.846838 0.461538 0.225621 0.478261 
0.931628 0.461538 0.225621 0.217391 
0.470583 0.846154 0.369025 0.217391 
0.853197 0.846154 0.133843 0.652174 
0.751449 0.461538 0.328872 0.304348 
0.998400 0.000000 0.015296 0.217391 
0.959184 0.692308 0.043977 0.391304 
0.926328 0.461538 0.160612 0.000000 
0.972963 0.307692 0.053537 0.652174 
0.987801 0.153846 0.053537 0.000000 
0.747210 0.846154 0.225621 0.913043 
0.991404 0.076923 0.141491 0.000000 
0.943816 0.692308 0.032505 0.565217 
0.899831 0.692308 0.101338 0.565217 
0.915730 0.538462 0.108987 0.565217 
0.894744 0.461538 0.122371 0.565217 
0.853197 0.769231 0.101338 0.652174 
0.987282 0.384615 0.015296 0.217391 
0.954415 0.384615 0.053537 0.739130 
0.671959 0.923077 0.263862 0.826087 
0.937457 0.076923 0.187380 0.000000 
0.757809 0.846154 0.340344 0.739130 
0.947632 0.769231 0.032505 0.826087 
0.918909 0.923077 0.065010 1.000000 
0.966603 0.307692 0.072658 0.000000 
0.978898 0.153846 0.091778 0.000000 
0.959195 0.692308 0.030593 0.391304 
0.863902 0.538462 0.225621 0.391304 
0.738201 0.692308 0.474187 0.565217 
0.977202 0.230769 0.043977 0.478261 
0.847898 1.000000 0.187380 0.913043 
0.768407 0.692308 0.277247 0.478261 
0.863266 0.769231 0.118547 0.478261 
0.892094 0.307692 0.332696 0.391304 
0.950175 0.538462 0.036329 0.565217 
0.994171 0.230769 0.043977 0.217391 
0.682664 0.615385 0.455067 0.739130 
0.966603 0.384615 0.133843 0.391304 
0.915740 0.692308 0.101338 0.652174 
0.452565 0.923077 0.407266 0.913043 
0.836239 0.153846 0.435946 0.391304 
0.908416 0.769231 0.122371 0.565217 
0.941177 0.538462 0.130019 0.652174 
0.217284 0.923077 0.382409 0.913043 
0.928448 0.615385 0.082218 0.565217 
0.940117 0.769231 0.015296 0.826087 
0.991510 0.076923 0.080306 0.304348 
0.916789 0.615385 0.108987 0.652174 
0.870685 0.769231 0.101338 0.565217 
0.912550 0.615385 0.133843 0.217391 
0.821613 0.461538 0.282983 0.739130 
0.774767 0.923077 0.130019 0.913043 
0.895592 0.615385 0.095602 0.565217 
0.895592 0.307692 0.317400 0.217391 
0.952295 0.538462 0.089866 0.304348 
0.959290 0.538462 0.036329 0.391304 
0.693686 0.692308 0.342256 0.478261 
0.956015 0.538462 0.053537 0.565217 
0.947526 0.846154 0.053537 0.826087 
0.895592 0.230769 0.239006 0.000000 
0.995326 0.384615 0.015296 0.217391 
0.938517 0.230769 0.122371 0.391304 
0.972539 0.538462 0.043977 0.000000 
0.836239 0.692308 0.252390 0.391304 
0.969253 0.307692 0.068834 0.739130 
0.966603 0.461538 0.061185 0.826087 
0.939057 0.461538 0.154876 0.391304 
0.984632 0.307692 0.122371 0.217391 
0.873335 0.692308 0.252390 0.565217 
0.885004 0.538462 0.206501 0.217391 
0.948056 0.538462 0.139579 0.000000 
0.901951 0.615385 0.118547 0.391304 
0.982502 0.384615 0.015296 0.304348 
0.971903 0.538462 0.047801 0.217391 
0.965014 0.538462 0.024857 0.478261 
0.921029 0.384615 0.397706 0.000000 
0.942226 0.692308 0.072658 0.391304 
0.976142 0.384615 0.087954 0.000000 
0.907781 0.769231 0.072658 0.652174 
0.899831 0.461538 0.198853 0.217391 
0.461044 0.384615 0.521989 0.652174 
0.958135 0.307692 0.082218 0.217391 
0.842598 0.923077 0.065010 0.913043 
0.907781 0.769231 0.065010 0.739130 
0.852243 0.769231 0.101338 0.739130 
0.979322 0.461538 0.267686 0.478261 
0.942226 0.846154 0.043977 0.913043 
0.830940 0.615385 0.252390 0.304348 
0.779006 0.538462 0.579350 0.000000 
0.995220 0.461538 0.065010 0.217391 
0.756855 0.615385 0.369025 0.000000 
0.873335 0.538462 0.141491 0.652174 
0.834119 0.769231 0.212237 0.391304 
0.673019 0.923077 0.225621 0.739130 
0.989931 0.153846 0.032505 0.000000 
0.714884 0.846154 0.252390 0.565217 
0.975623 0.307692 0.235182 0.391304 
0.905237 0.538462 0.173996 0.000000 
0.919969 0.769231 0.122371 0.000000 
0.960774 0.538462 0.047801 0.000000 
0.359297 0.846154 0.847036 0.826087 
0.822461 0.846154 0.133843 0.739130 
0.846838 0.923077 0.101338 0.826087 
0.673019 0.384615 0.703633 0.000000 
0.995220 0.384615 0.043977 0.000000 
0.942237 0.384615 0.173996 0.391304 
0.959184 0.076923 0.173996 0.000000 
0.948056 0.538462 0.072658 0.304348 
0.942237 0.153846 0.187380 0.565217 
0.937987 0.000000 0.212237 0.000000 
0.974552 0.230769 0.139579 0.000000 
0.952836 0.538462 0.139579 0.000000 
0.994266 0.230769 0.015296 0.000000 
0.961304 0.153846 0.122371 0.304348 
0.873345 0.769231 0.168260 0.217391 
0.990451 0.461538 0.045889 0.217391 
0.868046 0.461538 0.225621 0.391304 
0.917849 0.076923 0.225621 0.391304 
0.958230 0.230769 0.139579 0.565217 
0.760458 0.846154 0.239006 0.565217 
0.833589 0.153846 0.336520 0.217391 
0.926858 0.538462 0.133843 0.304348 
0.763638 0.615385 0.732314 0.000000 
0.842598 0.230769 0.420650 0.304348 
0.894532 0.307692 0.263862 0.000000 
0.979322 0.076923 0.108987 0.000000 
0.937987 0.692308 0.032505 0.565217 
0.897712 0.692308 0.242830 0.304348 
0.958177 0.461538 0.093690 0.000000 
0.972963 0.461538 0.011472 0.304348 
0.880224 0.384615 0.239006 0.217391 
0.864856 0.461538 0.250478 0.739130 
0.953885 0.692308 0.030593 0.826087 
0.786425 0.384615 0.317400 0.652174 
0.903276 0.692308 0.139579 0.391304 
0.978262 0.230769 0.116635 0.000000 
0.883933 0.384615 0.252390 0.391304 
0.883933 0.923077 0.187380 0.913043 
0.810802 0.384615 0.485660 0.304348 
0.916789 0.615385 0.139579 0.652174 
0.926434 0.615385 0.139579 0.304348 
0.772647 0.846154 0.173996 0.826087 
0.989921 0.384615 0.011472 0.217391 
0.886053 0.230769 0.317400 0.391304 
0.900891 0.692308 0.133843 0.391304 
0.793844 0.923077 0.147228 1.000000 
0.950175 0.384615 0.151052 0.391304 
0.889233 0.461538 0.282983 0.391304 
0.969783 0.153846 0.267686 0.000000 
0.969253 0.538462 0.015296 0.000000 
0.918379 0.692308 0.122371 0.391304 
0.810802 0.538462 0.317400 0.478261 
0.878645 0.538462 0.235182 0.000000 
0.751460 0.692308 0.290631 0.391304 
0.985787 0.076923 0.116635 0.391304 
0.174879 1.000000 0.304015 1.000000 
0.926328 0.692308 0.168260 0.478261 
0.894532 0.923077 0.254302 0.913043 
0.852148 1.000000 0.108987 0.913043 
0.939047 0.538462 0.239006 0.000000 
0.962375 0.692308 0.015296 0.565217 
0.941177 0.692308 0.108987 0.217391 
0.743818 0.461538 0.523901 0.000000 
0.726012 1.000000 0.160612 1.000000 
0.944357 0.461538 0.101338 0.217391 
0.934818 0.461538 0.130019 0.478261 
0.872275 0.461538 0.239006 0.304348 
0.921040 0.384615 0.202677 0.000000 
0.924219 0.615385 0.206501 0.000000 
0.936927 0.692308 0.066922 0.739130 
0.952825 0.769231 0.032505 0.391304 
0.809848 0.846154 0.212237 0.478261 
0.962364 0.384615 0.187380 0.217391 
0.600418 0.846154 0.196941 0.826087 
0.847050 0.923077 0.065010 0.826087 
0.705875 0.846154 0.726577 0.913043 
0.993100 0.153846 0.032505 0.304348 
0.907781 0.769231 0.122371 0.304348 
0.976672 0.307692 0.147228 0.000000 
0.916259 0.692308 0.122371 0.217391 
0.666660 0.692308 0.485660 0.478261 
0.983031 0.153846 0.015296 0.391304 
0.502390 0.307692 0.556405 0.565217 
0.661360 1.000000 0.252390 0.739130 
0.970313 0.153846 0.101338 0.217391 
0.993100 0.153846 0.043977 0.000000 
0.992146 0.000000 0.087954 0.478261 
0.951765 0.461538 0.200765 0.478261 
0.864856 0.923077 0.101338 0.826087 
0.952931 0.461538 0.139579 0.000000 
0.736611 0.692308 0.342256 0.304348 
0.980382 0.230769 0.024857 0.391304 
0.940467 0.230769 0.160612 0.565217 
0.966709 0.307692 0.065010 0.217391 
0.916259 0.153846 0.304015 0.391304 
0.958124 0.538462 0.015296 0.739130 
0.987811 0.461538 0.028681 0.000000 
0.905141 0.461538 0.173996 0.478261 
0.951765 0.538462 0.065010 0.739130 
0.948586 0.230769 0.122371 0.217391 
0.905131 0.461538 0.254302 0.304348 
0.969783 0.307692 0.053537 0.565217 
0.984738 0.000000 0.177820 0.000000 
0.969253 0.307692 0.053537 0.304348 
0.972963 0.153846 0.101338 0.000000 
0.983561 0.153846 0.116635 0.000000 
0.929519 0.692308 0.032505 0.652174 
0.883933 0.923077 0.059273 0.913043 
0.920075 0.461538 0.187380 0.217391 
0.760988 1.000000 0.212237 0.826087 
0.910960 0.538462 0.133843 0.391304 
0.772647 0.692308 0.369025 0.217391 
0.970313 0.538462 0.108987 0.000000 
0.968723 0.538462 0.168260 0.304348 
0.825640 0.923077 0.145315 0.826087 
0.036036 0.846154 0.665392 0.652174 
0.873441 0.384615 0.317400 0.478261 
0.909370 0.307692 0.225621 0.000000 
0.737682 0.769231 0.304015 0.913043 
0.926858 0.461538 0.139579 0.565217 
0.792890 0.923077 0.187380 0.652174 
0.942237 0.692308 0.032505 0.391304 
0.958124 0.538462 0.053537 0.304348 
0.971903 0.384615 0.043977 0.565217 
0.926339 0.538462 0.133843 0.000000 
0.693167 1.000000 0.252390 0.739130 
0.852243 0.615385 0.172084 0.565217 
0.995273 0.000000 0.118547 0.000000 
0.915751 0.461538 0.217973 0.565217 
0.942226 0.461538 0.053537 0.478261 
0.899937 0.538462 0.282983 0.565217 
0.852667 0.769231 0.158700 0.652174 
0.966073 0.230769 0.108987 0.000000 
0.940107 0.846154 0.032505 0.826087 
0.958654 0.538462 0.080306 0.217391 
0.967674 0.153846 0.116635 0.000000 
0.673761 1.000000 0.212237 0.565217 
0.483302 1.000000 0.485660 0.826087 
0.831046 0.769231 0.271511 0.304348 
0.989931 0.076923 0.082218 0.217391 
0.982512 0.000000 0.095602 0.000000 
0.000000 0.846154 0.665392 0.652174 
0.996280 0.230769 0.057361 0.217391 
0.910430 0.615385 0.095602 0.478261 
0.923149 0.461538 0.160612 0.826087 
0.981442 0.076923 0.093690 0.478261 
0.864326 0.615385 0.282983 0.652174 
0.952825 0.230769 0.147228 0.217391 
0.969783 0.538462 0.030593 0.391304 
0.856377 0.846154 0.063098 0.826087 
0.947579 0.769231 0.032505 0.652174 
0.933747 0.153846 0.122371 0.826087 
0.815042 0.846154 0.187380 0.652174 
0.894543 0.615385 0.225621 0.478261 
0.918909 0.461538 0.160612 0.565217 
0.830940 0.846154 0.158700 0.565217 
0.846848 0.615385 0.407266 0.304348 
0.915730 0.076923 0.225621 0.000000 
0.912561 0.769231 0.168260 0.739130 
0.980382 0.615385 0.028681 0.391304 
0.979322 0.230769 0.043977 0.391304 
0.853197 0.923077 0.158700 0.913043 
0.641223 0.692308 0.342256 0.304348 
0.968723 0.230769 0.108987 0.000000 
0.873547 0.615385 0.187380 0.391304 
0.875995 0.846154 0.011472 0.913043 
0.800733 0.846154 0.198853 0.565217 
0.727072 0.692308 0.282983 0.565217 
0.889763 0.461538 0.206501 0.391304 
0.752509 0.692308 0.290631 0.652174 
0.860616 0.692308 0.133843 0.739130 
0.820447 0.692308 0.252390 0.391304 
0.956005 0.538462 0.130019 0.000000 
0.694216 0.461538 0.485660 0.217391 
0.956005 0.461538 0.057361 0.000000 
0.671959 0.692308 0.485660 0.565217 
0.994266 0.000000 0.043977 0.000000 
0.961304 0.000000 0.173996 0.217391 
0.965544 0.615385 0.015296 0.826087 
0.950705 0.384615 0.130019 0.391304 
0.906191 0.769231 0.108987 0.565217 
0.862747 0.846154 0.212237 0.652174 
0.918379 0.615385 0.110899 0.478261 
0.833060 0.384615 0.282983 0.304348 
0.836239 0.461538 0.317400 0.304348 
0.952242 0.615385 0.036329 0.304348 
0.812392 0.846154 0.187380 0.478261 
0.833060 0.692308 0.187380 0.652174 
0.934807 0.615385 0.015296 0.826087 
0.620025 0.923077 0.357553 0.913043 
0.947526 0.384615 0.137667 0.217391 
0.762048 0.615385 0.458891 0.304348 
0.986741 0.076923 0.017208 0.217391 
0.971373 0.538462 0.047801 0.217391 
0.998410 0.076923 0.011472 0.000000 
0.984621 0.000000 0.095602 0.217391 
0.725059 0.769231 0.225621 0.913043 
0.960774 0.692308 0.043977 0.391304 
0.981442 0.076923 0.151052 0.826087 
0.942756 0.692308 0.036329 0.652174 
0.864856 0.692308 0.133843 0.565217 
0.865926 0.692308 0.160612 0.565217 
0.833060 0.230769 0.856597 0.000000 
0.969783 0.230769 0.112811 0.391304 
0.963424 0.384615 0.053537 0.391304 
0.826181 0.307692 0.382409 0.304348 
0.930038 0.692308 0.108987 0.304348 
0.950705 0.153846 0.147228 0.391304 
0.926858 0.538462 0.187380 0.478261 
0.821401 0.923077 0.206501 1.000000 
0.703755 0.846154 0.252390 0.652174 
0.926339 0.769231 0.032505 0.565217 
0.969794 0.384615 0.036329 0.478261 
0.973493 0.153846 0.082218 0.217391 
0.962364 0.384615 0.053537 0.000000 
0.927388 0.769231 0.061185 0.913043 
0.916789 0.307692 0.147228 0.391304 
0.916789 0.769231 0.065010 0.652174 
0.949645 0.615385 0.108987 0.478261 
0.624265 1.000000 0.340344 0.913043 
0.951765 0.538462 0.053537 0.304348 
0.874395 0.153846 0.321224 0.000000 
0.915740 0.538462 0.122371 0.652174 
0.942226 0.538462 0.108987 0.217391 
0.803383 0.384615 0.485660 0.304348 
0.965014 0.076923 0.145315 0.000000 
0.991510 0.076923 0.130019 0.000000 
0.927399 0.384615 0.168260 0.000000 
0.996598 0.230769 0.015296 0.217391 
0.809848 0.846154 0.435946 0.826087 
0.768407 1.000000 0.187380 0.826087 
0.966603 0.538462 0.145315 0.652174 
0.883933 0.769231 0.072658 0.565217 
0.911490 0.692308 0.101338 0.000000 
0.987907 0.000000 0.053537 0.000000 
0.809742 0.692308 0.290631 0.478261 
0.948586 0.538462 0.086042 0.217391 
0.949645 0.538462 0.053537 0.739130 
0.945406 0.461538 0.130019 0.478261 
0.714354 0.615385 0.485660 0.478261 
0.756749 0.461538 0.485660 0.304348 
0.841644 0.769231 0.304015 0.391304 
0.905141 0.000000 0.177820 0.739130 
0.999343 0.000000 0.011472 0.000000 
0.852148 0.923077 0.168260 0.826087 
0.878634 0.923077 0.015296 0.913043 
0.974023 0.384615 0.015296 0.565217 
0.852148 0.769231 0.170172 0.826087 
0.968723 0.307692 0.108987 0.000000 
0.905141 0.692308 0.158700 0.913043 
0.942226 0.538462 0.101338 0.565217 
0.874395 0.538462 0.225621 0.478261 
0.895062 0.461538 0.282983 0.391304 
0.873345 0.692308 0.160612 0.000000 
0.857437 0.307692 0.317400 0.391304 
0.883933 0.538462 0.212237 0.000000 
0.906721 0.692308 0.168260 0.739130 
0.910960 0.692308 0.110899 0.217391 
0.927494 0.307692 0.212237 0.565217 
0.947536 0.461538 0.108987 0.000000 
0.863796 0.769231 0.122371 0.478261 
0.777946 0.769231 0.282983 0.739130 
0.965544 0.538462 0.032505 0.000000 
0.838359 0.692308 0.304015 0.652174 
0.819281 0.923077 0.101338 0.826087 
0.974023 0.076923 0.097514 0.217391 
0.869625 0.692308 0.187380 0.391304 
0.841539 0.923077 0.187380 0.913043 
0.982502 0.153846 0.122371 0.000000 
0.966073 0.076923 0.122371 0.217391 
0.910430 0.615385 0.177820 0.391304 
0.651821 1.000000 0.340344 0.913043 
0.993100 0.076923 0.043977 0.304348 
0.910430 0.461538 0.187380 0.217391 
0.957065 0.692308 0.043977 0.913043 
0.931734 0.230769 0.317400 0.000000 
0.896122 0.692308 0.133843 0.391304 
0.830950 1.000000 0.110899 0.913043 
0.958135 0.384615 0.053537 0.304348 
0.905131 0.692308 0.239006 0.391304 
0.959184 0.769231 0.043977 0.565217 
0.789075 0.846154 0.112811 0.826087 
0.907251 0.307692 0.187380 0.565217 
0.909381 0.692308 0.168260 0.391304 
0.922195 0.615385 0.206501 0.217391 
0.964484 0.307692 0.217973 0.000000 
0.723363 0.692308 0.357553 0.391304 
0.944876 0.307692 0.196941 0.000000 
0.863796 0.615385 0.168260 0.565217 
0.996810 0.000000 0.015296 0.304348 
0.772647 0.692308 0.239006 0.565217 
0.835179 0.923077 0.160612 0.913043 
0.906191 0.692308 0.101338 0.826087 
0.783246 0.923077 0.110899 0.826087 
0.852137 0.846154 0.181644 0.565217 
0.841549 0.846154 0.101338 0.304348 
0.913610 0.538462 0.168260 0.304348 
0.828820 0.538462 0.252390 0.391304 
0.947526 0.307692 0.082218 0.304348 
0.918379 0.615385 0.108987 0.000000 
0.884039 0.076923 0.267686 0.217391 
0.910430 0.615385 0.139579 0.304348 
0.910430 0.538462 0.254302 0.000000 
0.799154 0.538462 0.225621 0.739130 
0.917849 0.769231 0.065010 0.826087 
0.943816 0.307692 0.225621 0.000000 
0.808460 0.846154 0.173996 0.478261 
0.815052 0.384615 0.328872 0.000000 
0.894543 0.230769 0.455067 0.000000 
0.910430 0.538462 0.151052 0.000000 
0.992040 0.230769 0.101338 0.304348 
0.989921 0.000000 0.022945 0.304348 
0.905237 0.615385 0.139579 0.217391 
0.929519 0.307692 0.282983 0.000000 
0.810272 0.384615 0.357553 0.217391 
0.873335 0.692308 0.168260 0.652174 
0.852243 0.461538 0.342256 0.217391 
0.926339 0.769231 0.024857 0.826087 
0.889233 0.615385 0.133843 0.652174 
1.000000 0.153846 0.082218 0.000000 
0.921029 0.692308 0.108987 0.478261 
0.949656 0.538462 0.187380 0.391304 
0.970843 0.384615 0.108987 0.391304 
0.772647 0.692308 0.290631 0.217391 
0.907781 0.230769 0.332696 0.304348 
0.908310 0.692308 0.101338 0.739130 
0.956005 0.769231 0.015296 0.304348 
0.985787 0.384615 0.003824 0.000000 
0.960244 0.538462 0.130019 0.000000 
0.998400 0.230769 0.017208 0.000000 
0.844824 0.384615 0.342256 0.565217 
0.793844 0.615385 0.527725 0.739130 
0.984197 0.153846 0.053537 0.217391 
0.946466 0.307692 0.151052 0.000000 
0.917849 0.692308 0.072658 0.478261 
0.721773 0.769231 0.225621 0.652174 
0.837405 0.692308 0.363289 0.000000 
0.974129 0.384615 0.017208 0.391304 
0.534176 0.923077 0.252390 0.913043 
0.809848 0.769231 0.198853 0.739130 
0.989921 0.076923 0.003824 0.217391 
0.931628 0.153846 0.225621 0.217391 
0.902481 0.846154 0.065010 0.826087 
0.943286 0.461538 0.147228 0.000000 
0.945406 0.846154 0.030593 0.652174 
0.790135 0.692308 0.225621 0.565217 
0.963954 0.384615 0.112811 0.478261 
0.996280 0.000000 0.003824 0.000000 
0.968829 0.538462 0.015296 0.304348 
0.100571 0.461538 1.000000 0.478261 
0.966603 0.538462 0.017208 0.478261 
0.964017 0.769231 0.043977 0.478261 
0.757809 0.461538 0.420650 0.217391 
0.969783 0.384615 0.063098 0.000000 
0.921029 0.538462 0.133843 0.391304 
0.941166 0.692308 0.087954 0.217391 
0.989921 0.230769 0.068834 0.478261 
0.941177 0.846154 0.043977 0.826087 
0.995220 0.230769 0.011472 0.000000 
0.772700 0.769231 0.349904 0.652174 
0.931638 0.153846 0.361377 0.000000 
0.927388 0.384615 0.173996 0.000000 
0.926434 0.692308 0.087954 0.652174 
0.783246 0.769231 0.418738 0.565217 
0.948586 0.307692 0.175908 0.217391 
0.726023 0.769231 0.290631 0.565217 
0.922089 0.153846 0.216061 0.000000 
0.981495 0.000000 0.017208 0.478261 
0.832000 1.000000 0.110899 1.000000 
0.975793 0.153846 0.122371 0.000000 
0.958146 0.076923 0.139579 0.478261 
0.954945 0.230769 0.082218 0.739130 
0.994171 0.230769 0.043977 0.000000 
0.982502 0.384615 0.040153 0.000000 
0.986741 0.153846 0.210325 0.217391 
0.986752 0.000000 0.072658 0.000000 
0.934277 0.538462 0.168260 0.217391 
0.999470 0.076923 0.000000 0.217391 
0.952242 0.461538 0.177820 0.000000 
0.783246 0.769231 0.160612 0.913043 
0.816632 0.923077 0.110899 0.913043 
0.979332 0.230769 0.003824 0.565217 
0.832000 0.384615 0.282983 0.478261 
0.873345 0.307692 0.282983 0.391304 
0.956005 0.076923 0.110899 0.391304 
0.928448 0.538462 0.133843 0.304348 
0.721423 0.923077 0.187380 0.913043 
0.913610 0.769231 0.160612 0.391304 
0.923679 0.538462 0.141491 0.000000 
0.960244 0.615385 0.047801 0.000000 
0.960244 0.538462 0.065010 0.217391 
0.863001 0.615385 0.242830 0.391304 
0.927388 0.769231 0.032505 0.652174 
0.906191 0.692308 0.112811 0.565217 
0.780066 0.153846 0.485660 0.739130 
0.815042 0.769231 0.225621 0.652174 
0.974023 0.384615 0.047801 0.304348 
0.862736 0.538462 0.357553 0.565217 
0.977202 0.384615 0.015296 0.217391 
0.958124 0.230769 0.149140 0.478261 
0.868035 0.230769 0.485660 0.000000 
0.825640 0.538462 0.242830 0.565217 
0.957065 0.769231 0.030593 0.565217 
0.919015 0.538462 0.139579 0.565217 
0.944357 0.384615 0.082218 0.304348 
0.978262 0.230769 0.093690 0.000000 
0.868035 0.384615 0.212237 0.478261 
0.884198 0.538462 0.206501 0.478261 
0.937987 0.538462 0.072658 0.304348 
0.970313 0.538462 0.000000 0.000000 
0.799154 0.615385 0.304015 0.565217 
0.966603 0.461538 0.030593 0.565217 
0.767347 0.615385 0.290631 0.391304 
0.937457 0.692308 0.066922 0.652174 
0.941166 0.692308 0.122371 0.652174 
0.912020 0.846154 0.080306 0.739130 
0.936938 0.538462 0.093690 0.739130 
0.971903 0.384615 0.082218 0.000000 
0.880224 0.846154 0.110899 0.826087 
0.735562 0.461538 0.369025 0.652174 
0.926328 0.461538 0.133843 0.478261 
0.958283 0.538462 0.239006 0.000000 
0.942862 0.769231 0.036329 0.652174 
0.855847 0.692308 0.242830 0.913043 
0.837405 0.384615 0.317400 0.217391 
0.956015 0.538462 0.036329 0.391304 
0.985681 0.000000 0.015296 0.391304 
0.910430 0.000000 0.290631 0.217391 
0.929720 0.769231 0.015296 0.826087 
0.899842 0.692308 0.133843 0.217391 
0.923679 0.692308 0.053537 0.652174 
0.926434 0.769231 0.015296 0.826087 
0.768937 0.769231 0.239006 0.652174 
0.998400 0.153846 0.065010 0.000000 
0.921040 0.846154 0.061185 0.913043 
0.899937 0.615385 0.168260 0.478261 
0.969783 0.538462 0.024857 0.391304 
0.883933 0.846154 0.066922 0.913043 
0.965544 0.230769 0.160612 0.304348 
0.502390 0.923077 0.499044 0.565217 
0.926858 0.384615 0.108987 0.565217 
0.968829 0.538462 0.015296 0.217391 
0.926328 0.538462 0.133843 0.000000 
0.852137 0.769231 0.369025 0.478261 
0.799144 0.769231 0.198853 0.652174 
0.917319 0.615385 0.089866 0.565217 
0.965544 0.615385 0.032505 0.652174 
0.901601 0.769231 0.110899 0.000000 
0.894532 0.769231 0.168260 0.478261 
0.891353 0.538462 0.304015 0.217391 
0.746150 0.923077 0.168260 0.652174 
0.852667 0.538462 0.239006 0.217391 
0.587180 0.769231 0.499044 0.652174 
0.730252 0.846154 0.252390 0.826087 
0.939577 0.384615 0.170172 0.304348 
0.997870 0.000000 0.043977 0.304348 
0.922089 0.846154 0.057361 0.826087 
0.860616 0.307692 0.317400 0.000000 
0.885205 0.307692 0.282983 0.000000 
0.946466 0.153846 0.173996 0.000000 
0.640173 0.692308 0.369025 0.000000 
0.931638 0.692308 0.032505 0.739130 
0.834119 0.769231 0.160612 0.478261 
0.899842 0.615385 0.095602 0.652174 
0.881284 0.769231 0.065010 0.652174 
0.986211 0.153846 0.086042 0.000000 
0.932688 0.461538 0.130019 0.478261 
0.709054 0.615385 0.470363 0.565217 
0.917849 0.461538 0.177820 0.478261 
0.981972 0.230769 0.043977 0.391304 
0.981442 0.076923 0.015296 0.304348 
0.608377 0.769231 0.369025 0.913043 
0.891353 0.769231 0.168260 0.826087 
0.868035 0.923077 0.091778 0.913043 
0.971913 0.692308 0.036329 0.000000 
0.961834 0.461538 0.032505 0.391304 
0.899831 0.692308 0.212237 0.478261 
0.809742 0.384615 0.483748 0.000000 
0.568091 1.000000 0.212237 0.913043 
0.940107 0.076923 0.212237 0.000000 
0.906191 0.615385 0.242830 0.000000 
0.846838 0.000000 0.342256 0.217391 
0.975082 0.307692 0.093690 0.000000 
0.974033 0.230769 0.065010 0.652174 
0.984621 0.153846 0.024857 0.565217 
0.815042 0.769231 0.252390 0.000000 
0.975612 0.461538 0.015296 0.217391 
0.984621 0.307692 0.130019 0.652174 
0.958135 0.307692 0.095602 0.000000 
0.942226 0.076923 0.212237 0.000000 
0.800203 0.923077 0.187380 0.739130 
0.960244 0.076923 0.043977 0.652174 
0.756759 0.923077 0.254302 0.913043 
0.980382 0.461538 0.000000 0.478261 
0.772647 0.692308 0.290631 0.000000 
0.804443 0.923077 0.168260 0.304348 
0.981442 0.692308 0.032505 0.217391 
0.949645 0.461538 0.168260 0.000000 
0.762048 0.538462 0.342256 0.652174 
0.879164 0.692308 0.133843 0.304348 
0.820341 0.692308 0.225621 0.565217 
0.930568 0.461538 0.168260 0.391304 
0.852137 0.615385 0.292543 0.478261 
0.957065 0.384615 0.036329 0.739130 
0.868035 0.923077 0.101338 0.913043 
0.556433 1.000000 0.252390 1.000000 
0.880860 0.846154 0.076482 0.739130 
0.857437 0.384615 0.420650 0.304348 
0.943286 0.769231 0.015296 0.826087 
0.846838 0.615385 0.304015 0.391304 
0.905141 0.461538 0.110899 0.652174 
0.982502 0.076923 0.059273 0.217391 
0.876514 0.538462 0.225621 0.304348 
0.960562 0.615385 0.065010 0.000000 
0.954945 0.153846 0.212237 0.000000 
0.980912 0.076923 0.122371 0.000000 
0.973493 0.307692 0.030593 0.565217 
0.886053 0.692308 0.133843 0.391304 
0.947632 0.769231 0.036329 0.913043 
0.996810 0.153846 0.003824 0.391304 
0.905131 0.615385 0.101338 0.478261 
0.993630 0.153846 0.043977 0.217391 
0.800203 0.923077 0.122371 0.913043 
0.932688 0.615385 0.065010 0.913043 
0.949645 0.461538 0.072658 0.391304 
0.789605 0.615385 0.455067 0.000000 
0.862842 0.846154 0.242830 0.565217 
0.783775 0.846154 0.252390 0.652174 
0.977732 0.230769 0.093690 0.304348 
0.963424 0.615385 0.101338 0.652174 
0.936938 0.538462 0.170172 0.391304 
0.954945 0.538462 0.047801 0.652174 
0.979852 0.461538 0.043977 0.000000 
0.955475 0.846154 0.093690 0.652174 
0.939047 0.307692 0.168260 0.217391 
0.791725 0.769231 0.271511 0.391304 
0.961410 0.384615 0.133843 0.000000 
0.942226 0.692308 0.036329 0.391304 
0.842598 0.384615 0.378585 0.217391 
0.577630 0.923077 0.239006 0.826087 
0.715414 0.923077 0.187380 0.826087 
0.967663 0.384615 0.036329 0.304348 
0.944876 0.692308 0.030593 0.391304 
0.974023 0.538462 0.005736 0.478261 
0.838889 0.769231 0.206501 0.652174 
0.980912 0.230769 0.053537 0.304348 
0.808502 0.692308 0.349904 0.478261 
0.910430 0.769231 0.076482 0.739130 
0.958654 0.538462 0.141491 0.478261 
0.973493 0.230769 0.093690 0.217391 
0.746161 1.000000 0.267686 0.913043 
0.836239 0.923077 0.101338 0.826087 
0.726023 0.769231 0.252390 0.000000 
