4
15
9252.536476 396.613795 0.000000 350.849729 
9246.999440 339.796746 0.000000 413.203814 
9204.246832 389.597010 51.667492 354.488667 
9157.545456 529.931608 -0.000000 312.522936 
9083.354673 268.184519 0.000000 648.460808 
8979.712114 306.263387 163.174341 550.850158 
9199.740706 271.620797 -0.000000 528.638496 
8890.148060 506.643886 275.347741 327.860313 
8882.528967 454.411304 296.818630 366.241099 
8937.800815 459.060765 262.017119 341.121301 
9055.796826 530.294409 0.000000 413.908765 
9115.362240 573.554426 -0.000000 311.083333 
8915.351582 539.109173 228.483166 317.056080 
8979.463251 551.403667 157.829142 311.303940 
-0.000000 -0.000000 -0.000000 -0.000000 
10
0
3
10
13
17
25
34
43
46
57
