4
1
9191.990860 412.669686 13.825415 367.688624 
5
61
1.000000 1.000000 1.000000 1.000000 -10000.000000 
-1.000000 0.000000 0.000000 0.000000 0.000000 
0.000000 -1.000000 0.000000 0.000000 0.000000 
0.000000 0.000000 -1.000000 0.000000 0.000000 
0.000000 0.000000 0.000000 -1.000000 0.000000 
-0.008479 -0.615385 0.145315 -0.173913 0.000000 
-0.101748 0.153846 0.107075 0.173913 0.000000 
0.016428 -0.538462 0.000000 -0.086957 0.000000 
-0.044515 0.153846 0.267686 -0.260870 0.000000 
-0.239531 0.384615 0.172084 0.173913 0.000000 
-0.017488 0.230769 0.017208 0.086957 0.000000 
-0.139903 0.230769 0.191205 0.173913 0.000000 
0.007419 -0.461538 0.281071 -0.347826 0.000000 
0.029676 -0.384615 0.000000 -0.347826 0.000000 
0.032856 -0.615385 0.000000 -0.608696 0.000000 
-0.117646 0.384615 0.172084 0.086957 0.000000 
0.029782 -0.230769 0.000000 -0.608696 0.000000 
0.013778 -0.153846 0.252390 -0.347826 0.000000 
-0.606247 0.230769 0.831740 0.000000 0.000000 
-0.201906 0.000000 0.717017 -0.826087 0.000000 
-0.113396 0.384615 0.093690 0.086957 0.000000 
-0.003169 0.076923 0.000000 -0.260870 0.000000 
-0.259669 0.230769 0.711281 0.086957 0.000000 
0.026603 -0.615385 0.072658 -0.347826 0.000000 
-0.031796 -0.461538 0.107075 0.000000 0.000000 
0.014838 0.000000 0.013384 -0.434783 0.000000 
-0.132484 -0.384615 0.841300 -0.826087 0.000000 
-0.144143 0.307692 0.191205 0.173913 0.000000 
-0.060402 -0.615385 0.162524 -0.086957 0.000000 
-0.009539 0.153846 0.000000 -0.521739 0.000000 
-0.185478 -0.461538 0.470363 -0.086957 0.000000 
-0.007260 -0.076923 0.223709 -0.826087 0.000000 
0.032326 -0.615385 0.028681 -0.521739 0.000000 
-0.118706 -0.615385 0.326960 -0.608696 0.000000 
0.019078 -0.307692 0.114723 -0.173913 0.000000 
0.014838 -0.153846 -0.015296 -0.347826 0.000000 
0.015898 0.076923 0.017208 -0.608696 0.000000 
-0.409111 0.384615 0.237094 0.173913 0.000000 
0.031266 -0.461538 -0.011472 -0.434783 0.000000 
-0.010069 0.230769 0.078394 -0.173913 0.000000 
-0.219383 0.384615 0.252390 0.086957 0.000000 
-0.463154 0.307692 0.483748 -0.260870 0.000000 
-0.071011 0.307692 0.239006 0.086957 0.000000 
0.015898 -0.538462 0.135755 0.000000 0.000000 
0.025861 -0.538462 0.126195 -0.826087 0.000000 
-0.017912 0.153846 0.021033 0.086957 0.000000 
-0.008479 0.076923 0.028681 0.086957 0.000000 
0.034456 -0.461538 0.066922 -0.826087 0.000000 
0.032856 -0.384615 0.001912 -0.826087 0.000000 
-0.046634 0.307692 0.049713 0.173913 0.000000 
0.029729 -0.615385 0.103250 -0.826087 0.000000 
-0.790665 0.384615 0.288719 0.173913 0.000000 
0.033927 -0.538462 -0.015296 -0.608696 0.000000 
0.006370 0.076923 0.021033 -0.826087 0.000000 
0.021197 -0.461538 0.195029 -0.608696 0.000000 
-0.482242 0.384615 0.470363 0.000000 0.000000 
-0.133544 0.384615 0.095602 0.173913 0.000000 
0.029676 -0.153846 0.049713 -0.608696 0.000000 
-0.012718 -0.615385 0.158700 -0.173913 0.000000 
-0.864972 -0.153846 0.984704 -0.347826 0.000000 
-0.313722 0.384615 0.325048 0.086957 0.000000 
