2
36
0.999881 0.187860 
1.000000 0.038298 
0.998986 0.259473 
0.629125 0.673758 
0.982169 0.358523 
0.703485 0.595684 
0.758220 0.539435 
0.642579 0.650086 
0.796173 0.496037 
0.833777 0.477054 
0.699870 0.600785 
0.924760 0.401019 
0.670952 0.611830 
0.281671 0.998488 
0.348922 0.910603 
0.710278 0.548280 
0.579600 0.686678 
0.633148 0.654686 
0.999935 0.083633 
0.381758 0.904553 
0.705990 0.548328 
0.519543 0.797511 
0.095187 1.000000 
0.325929 0.998476 
0.556050 0.775076 
0.835851 0.418828 
0.240043 0.999685 
0.457854 0.902726 
0.863994 0.408528 
0.763018 0.537563 
0.995035 0.269206 
0.566477 0.703001 
0.336508 0.956695 
0.650026 0.613431 
0.340605 0.930023 
0.000000 0.000000 
