2
1826
0.969280 0.190171 
0.503832 0.687826 
0.772961 0.433361 
0.964000 0.213109 
0.999881 0.187860 
0.468888 0.758975 
0.553777 0.638068 
0.617896 0.581064 
0.466060 0.726254 
0.746717 0.447391 
0.124399 0.992786 
0.406251 0.774643 
0.864689 0.371521 
0.587558 0.633725 
0.797242 0.443740 
0.980381 0.200633 
0.567067 0.661599 
0.291269 0.902081 
0.283731 0.925198 
0.945285 0.286391 
0.780295 0.414572 
0.456889 0.734270 
0.344556 0.843722 
0.999347 0.011663 
0.296168 0.893103 
0.305374 0.875182 
0.779604 0.412033 
0.267556 0.922162 
0.994545 0.154716 
0.494246 0.707029 
0.293989 0.902135 
0.689700 0.510290 
0.869508 0.347489 
0.995809 0.180063 
0.273518 0.910671 
0.660749 0.550551 
0.199215 0.963851 
0.555143 0.653356 
0.793320 0.417859 
0.483999 0.704612 
0.743289 0.455702 
0.903626 0.315167 
0.499957 0.718775 
0.511807 0.714578 
0.644293 0.546428 
0.287723 0.940305 
0.934206 0.240278 
0.077478 0.997027 
0.272008 0.962272 
0.939392 0.272270 
0.564600 0.681655 
0.856074 0.338885 
0.883298 0.310165 
0.138561 0.990184 
0.982127 0.167266 
0.840326 0.348106 
0.993441 0.147286 
0.913379 0.263386 
0.379052 0.834344 
0.773236 0.460794 
0.625301 0.568862 
0.978653 0.168312 
0.930164 0.248247 
0.719067 0.492935 
0.988102 0.237388 
0.742203 0.507212 
0.306138 0.875189 
0.835355 0.348578 
0.793223 0.397255 
0.623525 0.602143 
0.605363 0.604094 
0.999376 0.090761 
0.292595 0.916204 
0.446076 0.738325 
0.230264 0.977288 
0.521658 0.667366 
0.848559 0.341631 
0.989952 0.162903 
0.658560 0.549565 
0.479001 0.775759 
0.544743 0.657560 
0.786840 0.432214 
0.625615 0.596883 
0.442796 0.802711 
0.728146 0.459716 
0.192121 0.976460 
0.905241 0.316159 
0.939770 0.261814 
0.055124 0.998259 
0.994390 0.112403 
0.422811 0.786728 
0.878735 0.328685 
0.827342 0.398115 
0.583600 0.608820 
0.381434 0.809577 
0.985084 0.166597 
0.997925 0.096753 
0.900269 0.292631 
0.366741 0.827328 
0.995973 0.112085 
0.450916 0.796250 
0.621647 0.601504 
0.250788 0.957139 
0.703101 0.497802 
1.000000 0.038298 
0.392905 0.795827 
0.222488 0.996462 
0.549067 0.717089 
0.999872 0.084488 
0.566432 0.641978 
0.470839 0.739776 
0.948197 0.248307 
0.827628 0.371030 
0.205088 0.989163 
0.133227 0.997995 
0.929079 0.343460 
0.808701 0.397259 
0.335928 0.856289 
0.313828 0.868463 
0.695123 0.549068 
0.796760 0.394259 
0.361394 0.832181 
0.632853 0.558140 
0.791442 0.398657 
0.993578 0.157493 
0.994611 0.122779 
0.507564 0.734867 
0.998986 0.259473 
0.976322 0.178420 
0.728802 0.463377 
0.944743 0.283101 
0.284830 0.910743 
0.217701 0.971933 
0.914452 0.263872 
0.635285 0.615666 
0.999645 0.039533 
0.467916 0.746323 
0.488564 0.756176 
0.204414 0.977244 
0.852410 0.341214 
0.910719 0.262684 
0.752280 0.448254 
0.711863 0.482206 
0.926707 0.297784 
0.994792 0.157534 
0.934233 0.229495 
0.867747 0.336612 
0.701500 0.535335 
0.998003 0.054472 
0.393516 0.808820 
0.682269 0.577178 
0.629125 0.673758 
0.740786 0.515604 
0.562571 0.639623 
0.941591 0.251345 
0.707672 0.509074 
0.438763 0.809839 
0.670924 0.529971 
0.052328 0.998604 
0.795340 0.449184 
0.312709 0.893401 
0.202409 0.971575 
0.469373 0.722840 
0.513549 0.681793 
0.791877 0.413246 
0.725222 0.533451 
0.185761 0.973999 
0.727581 0.513407 
0.975728 0.222378 
0.645502 0.570215 
0.778497 0.410758 
0.982169 0.358523 
0.890941 0.286977 
0.345743 0.839265 
0.643362 0.553605 
0.201097 0.962246 
0.222916 0.991328 
0.181107 0.991720 
0.857651 0.326723 
0.571623 0.650056 
0.434920 0.769145 
0.454478 0.744595 
0.348892 0.842553 
0.986721 0.157378 
0.745071 0.442156 
0.301733 0.876678 
0.987779 0.170643 
0.588144 0.608125 
0.447335 0.739620 
0.212781 0.961317 
0.601786 0.638764 
0.868317 0.323268 
0.991492 0.173783 
0.522387 0.689669 
0.168955 0.990589 
0.699446 0.507093 
0.545743 0.670119 
0.434770 0.766048 
0.935141 0.299394 
0.538654 0.677322 
0.729974 0.522085 
0.119472 0.994318 
0.173112 0.990666 
0.052602 0.999421 
0.640998 0.582150 
0.999196 0.015323 
0.954709 0.222346 
0.896676 0.357262 
0.112674 0.996764 
0.555411 0.656880 
0.383060 0.870554 
0.202459 0.984275 
0.408480 0.776276 
0.703485 0.595684 
0.970465 0.185862 
0.395246 0.786871 
0.572791 0.622743 
0.322202 0.898155 
0.834034 0.370067 
0.996828 0.090767 
0.116612 0.997968 
0.959271 0.219483 
0.774250 0.471135 
0.316999 0.865209 
0.279577 0.910170 
0.897769 0.338867 
0.958607 0.206202 
0.700703 0.528965 
0.809869 0.383801 
0.300883 0.887206 
0.996859 0.087107 
0.445137 0.801959 
0.371016 0.847315 
0.281762 0.942714 
0.870616 0.326658 
0.802371 0.473511 
0.487306 0.717505 
0.143549 0.991305 
0.963792 0.299567 
0.479105 0.714128 
0.388855 0.792730 
0.177200 0.987484 
0.170039 0.981048 
0.302135 0.889000 
0.925437 0.240868 
0.227543 0.942962 
0.425154 0.760364 
0.293785 0.908001 
0.694054 0.499536 
0.329588 0.862684 
0.226944 0.962901 
0.654113 0.544669 
0.872697 0.315340 
0.407672 0.825729 
0.136426 0.998358 
0.373474 0.843453 
0.494048 0.736035 
0.205815 0.994344 
0.201002 0.961379 
0.208613 0.995264 
0.585870 0.629567 
0.966426 0.209805 
0.812898 0.385479 
0.221773 0.957350 
0.719793 0.516498 
0.388519 0.848159 
0.434900 0.779845 
0.943110 0.237553 
0.162613 0.992651 
0.826909 0.415427 
0.593639 0.661556 
0.638390 0.573554 
0.884770 0.298318 
0.986790 0.179704 
0.933395 0.259894 
0.734531 0.447518 
0.727029 0.515390 
0.942716 0.287621 
0.223796 0.958130 
0.120110 0.994444 
0.758454 0.428660 
0.902994 0.271397 
0.999165 0.032632 
0.604823 0.651981 
0.559956 0.634372 
0.896730 0.325896 
0.586529 0.619268 
0.185298 0.981332 
0.432998 0.758077 
0.989526 0.170864 
0.869151 0.367078 
0.274658 0.917296 
0.636300 0.589603 
0.337579 0.864366 
0.306280 0.930940 
0.029752 0.998999 
0.874760 0.317083 
0.851150 0.349093 
0.536339 0.689495 
0.997763 0.055918 
0.711391 0.496081 
0.480228 0.724507 
0.946830 0.222049 
0.957568 0.235400 
0.471392 0.723006 
0.998223 0.033376 
0.906341 0.322322 
0.175570 0.976579 
0.345174 0.839836 
0.997676 0.068802 
0.479852 0.713833 
0.744348 0.444564 
0.885696 0.355298 
0.589404 0.602636 
0.036844 0.999415 
0.785677 0.436290 
0.067268 0.997122 
0.622244 0.620354 
0.351244 0.840168 
0.995851 0.097685 
0.918984 0.248723 
0.961793 0.255539 
0.970103 0.227951 
0.805326 0.430141 
0.986336 0.164971 
0.708485 0.479256 
0.993989 0.130123 
0.056483 0.999763 
0.310777 0.871547 
0.269014 0.919541 
0.406157 0.774858 
0.636674 0.564344 
0.921519 0.261357 
0.711087 0.486164 
0.010922 0.999837 
0.684185 0.506403 
0.767070 0.446541 
0.471552 0.734084 
0.758220 0.539435 
0.709372 0.533023 
0.499472 0.689728 
0.799258 0.443544 
0.970466 0.210342 
0.314063 0.867741 
0.994220 0.183671 
0.997983 0.096838 
0.634188 0.593232 
0.783308 0.417436 
0.997631 0.181924 
0.619563 0.652803 
0.189595 0.979679 
0.652067 0.539259 
0.380008 0.813675 
0.142684 0.995363 
0.362420 0.842146 
0.642579 0.650086 
0.742187 0.478102 
0.897512 0.373764 
0.682965 0.520595 
0.789110 0.407198 
0.338475 0.855636 
0.830516 0.394331 
0.975192 0.188520 
0.564416 0.658040 
0.857989 0.348964 
0.672577 0.515918 
0.870455 0.310339 
0.795262 0.425957 
0.948430 0.220964 
0.115963 0.994374 
0.423035 0.759279 
0.999767 0.141323 
0.476115 0.720627 
0.251526 0.989267 
0.994755 0.141256 
0.329546 0.857307 
0.451654 0.742645 
0.345949 0.848652 
0.796173 0.496037 
0.998217 0.060626 
0.384597 0.835013 
0.352588 0.850362 
0.628689 0.588317 
0.987126 0.166886 
0.259655 0.925846 
0.506635 0.691694 
0.028598 0.999499 
0.903392 0.329661 
0.412078 0.795405 
0.970327 0.197398 
0.327556 0.883221 
0.523410 0.771140 
0.380334 0.816847 
0.997042 0.103302 
0.531050 0.735619 
0.801737 0.441970 
0.396090 0.835307 
0.701943 0.548985 
0.323657 0.940621 
0.821686 0.370770 
0.548899 0.640649 
0.137959 0.998934 
0.269244 0.922621 
0.998151 0.079684 
0.915671 0.263284 
0.757514 0.430604 
0.392066 0.794527 
0.284123 0.904647 
0.336852 0.880140 
0.149392 0.989433 
0.999550 0.009441 
0.835057 0.378483 
0.284938 0.910280 
0.954531 0.215071 
0.772353 0.437704 
0.852593 0.330167 
0.704738 0.516756 
0.429238 0.756322 
0.831205 0.380762 
0.864916 0.354134 
0.998002 0.036620 
0.755689 0.484810 
0.033649 0.999665 
0.654985 0.571518 
0.992825 0.141647 
0.663764 0.522218 
0.523891 0.665003 
0.998809 0.026713 
0.082649 0.997215 
0.692155 0.519834 
0.479498 0.723767 
0.505404 0.728230 
0.787530 0.441410 
0.517133 0.680328 
0.394986 0.783064 
0.998934 0.073835 
0.526304 0.674190 
0.270813 0.927542 
0.833777 0.477054 
0.511003 0.681381 
0.250066 0.937098 
0.480367 0.714975 
0.792426 0.423509 
0.373424 0.828287 
0.725170 0.464956 
0.404855 0.802728 
0.523025 0.679314 
0.318182 0.869072 
0.746959 0.497664 
0.641558 0.623428 
0.854367 0.335873 
0.087934 0.997191 
0.333783 0.854500 
0.494240 0.690586 
0.199442 0.983782 
0.330294 0.894728 
0.085713 0.996313 
0.188204 0.976146 
0.119091 0.994858 
0.899910 0.353015 
0.502268 0.745911 
0.635029 0.597792 
0.977560 0.189334 
0.638252 0.547503 
0.671312 0.538329 
0.115605 0.999480 
0.220432 0.960360 
0.655508 0.551160 
0.255184 0.984097 
0.959304 0.225838 
0.773779 0.475743 
0.835825 0.410109 
0.496895 0.737042 
0.356502 0.847903 
0.897679 0.382569 
0.306863 0.883432 
0.164988 0.985786 
0.288340 0.924371 
0.535268 0.709553 
0.240248 0.960843 
0.083998 0.998439 
0.987013 0.151353 
0.826385 0.386546 
0.749263 0.441313 
0.961807 0.214565 
0.976598 0.188573 
0.999595 0.055212 
0.374128 0.830681 
0.625121 0.567905 
0.794518 0.402966 
0.448058 0.743265 
0.323211 0.865488 
0.924268 0.244276 
0.999333 0.096661 
0.497557 0.733103 
0.164630 0.987709 
0.753941 0.484143 
0.908317 0.275016 
0.924239 0.283525 
0.680750 0.523492 
0.957207 0.221033 
0.959234 0.199561 
0.657293 0.537364 
0.340922 0.843385 
0.442517 0.758745 
0.707177 0.508448 
0.911012 0.310534 
0.305779 0.889028 
0.775481 0.420512 
0.941169 0.227190 
0.216402 0.959961 
0.914483 0.296579 
0.578335 0.640323 
0.531304 0.696490 
0.484669 0.753712 
0.421810 0.794356 
0.067696 0.997889 
0.899374 0.291125 
0.290639 0.901016 
0.994748 0.120780 
0.120820 0.993011 
0.525487 0.692070 
0.971370 0.189914 
0.787886 0.468624 
0.336338 0.927074 
0.866591 0.319666 
0.432004 0.776716 
0.365103 0.819062 
0.313547 0.939628 
0.299391 0.952451 
0.562936 0.665195 
0.321009 0.881075 
0.356307 0.833150 
0.076453 0.999067 
0.051639 0.998939 
0.195815 0.969206 
0.637253 0.608348 
0.320747 0.859930 
0.623460 0.571893 
0.405406 0.778872 
0.126560 0.999620 
0.040912 0.998588 
0.248436 0.933985 
0.831416 0.370886 
0.972598 0.189126 
0.369993 0.836347 
0.951477 0.244190 
0.685443 0.512694 
0.592412 0.671254 
0.512873 0.741199 
0.266856 0.920846 
0.815557 0.380186 
0.089013 0.996014 
0.548046 0.740488 
0.273746 0.969827 
0.993387 0.159014 
0.630573 0.575959 
0.265821 0.925465 
0.919302 0.257280 
0.670537 0.518915 
0.111998 0.995976 
0.996237 0.160338 
0.912893 0.263360 
0.999792 0.128604 
0.868031 0.380600 
0.189723 0.993664 
0.599883 0.594583 
0.998362 0.108981 
0.988475 0.182397 
0.985935 0.251678 
0.123757 0.999506 
0.394792 0.813119 
0.751768 0.500735 
0.776905 0.411040 
0.224055 0.948436 
0.709221 0.478127 
0.237317 0.973104 
0.999147 0.074029 
0.090339 0.995811 
0.147484 0.993337 
0.262630 0.956830 
0.999557 0.093096 
0.152064 0.986783 
0.207109 0.965141 
0.405486 0.788136 
0.999774 0.080801 
0.743683 0.451677 
0.971214 0.207536 
0.999153 0.044639 
0.164722 0.985004 
0.206061 0.971818 
0.852137 0.356655 
0.041076 0.999694 
0.225137 0.995425 
0.699870 0.600785 
0.246351 0.934841 
0.999588 0.019382 
0.005709 0.999502 
0.177159 0.976243 
0.888161 0.301675 
0.777407 0.414983 
0.755034 0.438364 
0.630104 0.581789 
0.585168 0.654946 
0.588457 0.605568 
0.747478 0.471491 
0.972808 0.179068 
0.399308 0.800010 
0.731509 0.453725 
0.061923 0.997272 
0.755967 0.463764 
0.990655 0.190111 
0.767341 0.421610 
0.411858 0.798170 
0.629242 0.556318 
0.979042 0.170354 
0.999050 0.143316 
0.856297 0.355637 
0.618752 0.581944 
0.998515 0.014337 
0.163715 0.992214 
0.143934 0.989348 
0.329193 0.867255 
0.745774 0.492056 
0.537353 0.654083 
0.718036 0.524578 
0.891941 0.290202 
0.983617 0.177596 
0.855716 0.347185 
0.957845 0.223773 
0.681285 0.518786 
0.998552 0.109934 
0.899753 0.321010 
0.231769 0.937422 
0.223635 0.956973 
0.993184 0.144831 
0.293345 0.891612 
0.584205 0.651549 
0.811511 0.380679 
0.874189 0.313721 
0.964827 0.205915 
0.529236 0.669742 
0.875921 0.363587 
0.329795 0.896261 
0.731840 0.457943 
0.049124 0.999726 
0.410897 0.772759 
0.948942 0.260165 
0.744964 0.471066 
0.753519 0.455822 
0.590643 0.618806 
0.320023 0.860052 
0.439698 0.745286 
0.616925 0.596786 
0.999982 0.007143 
0.698559 0.514279 
0.333993 0.867814 
0.925814 0.259199 
0.508174 0.694535 
0.367306 0.842553 
0.260749 0.925504 
0.727070 0.505226 
0.999811 0.078004 
0.364453 0.822581 
0.661963 0.528418 
0.768627 0.460216 
0.243514 0.934375 
0.372299 0.807132 
0.492182 0.715488 
0.582343 0.631117 
0.059524 0.998702 
0.999647 0.037740 
0.273625 0.919753 
0.127800 0.990623 
0.997405 0.106310 
0.267167 0.926348 
0.475320 0.717517 
0.148823 0.995840 
0.657229 0.530035 
0.182110 0.993688 
0.155098 0.990185 
0.696674 0.504696 
0.870360 0.335970 
0.656287 0.527839 
0.319116 0.892259 
0.924760 0.401019 
0.652540 0.546654 
0.998261 0.016731 
0.805505 0.380487 
0.753697 0.519778 
0.571922 0.625405 
0.476036 0.716716 
0.637209 0.549967 
0.381473 0.796252 
0.195544 0.966764 
0.315061 0.863664 
0.540042 0.652808 
0.830761 0.362009 
0.668669 0.537422 
0.439358 0.778037 
0.997708 0.053515 
0.917927 0.257283 
0.993672 0.171286 
0.412350 0.779186 
0.466379 0.788437 
0.549033 0.661494 
0.223569 0.967984 
0.479138 0.744378 
0.679412 0.510476 
0.670952 0.611830 
0.769949 0.419847 
0.066361 0.997429 
0.550088 0.664367 
0.622071 0.595504 
0.370333 0.832278 
0.949884 0.249974 
0.548087 0.650534 
0.152904 0.986133 
0.460956 0.758966 
0.639768 0.581572 
0.470064 0.717908 
0.041249 0.999809 
0.644338 0.591171 
0.693671 0.503614 
0.584605 0.610865 
0.125685 0.995761 
0.091193 0.997075 
0.830832 0.402802 
0.309094 0.917326 
0.280159 0.902180 
0.173749 0.980837 
0.884214 0.318987 
0.962199 0.222143 
0.234191 0.945680 
0.816659 0.450190 
0.410326 0.779093 
0.254019 0.922663 
0.975863 0.195815 
0.023086 0.999011 
0.364865 0.823880 
0.978001 0.176159 
0.600061 0.606969 
0.301499 0.898565 
0.237315 0.941696 
0.713566 0.468395 
0.953092 0.236822 
0.181533 0.984866 
0.607792 0.586990 
0.429172 0.787315 
0.626535 0.585484 
0.722342 0.515840 
0.147889 0.987044 
0.753097 0.434492 
0.753733 0.482660 
0.951170 0.294243 
0.449359 0.745408 
0.299083 0.884448 
0.883379 0.319336 
0.669419 0.569710 
0.352701 0.891868 
0.991882 0.227590 
0.941494 0.272162 
0.388415 0.799003 
0.829455 0.371229 
0.475147 0.714882 
0.696562 0.493600 
0.838308 0.356603 
0.581545 0.609156 
0.132394 0.994200 
0.723184 0.535198 
0.528453 0.675380 
0.298927 0.888729 
0.092750 0.999322 
0.540017 0.652081 
0.169292 0.979005 
0.207332 0.995011 
0.111448 0.996402 
0.671339 0.521483 
0.237363 0.978714 
0.997232 0.068623 
0.999228 0.037810 
0.874527 0.333313 
0.813159 0.372253 
0.424477 0.770129 
0.281671 0.998488 
0.402662 0.796222 
0.413972 0.778937 
0.258200 0.969532 
0.336895 0.914994 
0.404372 0.831099 
0.777555 0.434196 
0.997260 0.077771 
0.350580 0.845106 
0.987068 0.178493 
0.658904 0.591127 
0.871385 0.310798 
0.605387 0.588163 
0.914988 0.266376 
0.818431 0.396106 
0.953643 0.253839 
0.259812 0.937093 
0.519384 0.690213 
0.819427 0.389443 
0.406909 0.850818 
0.697592 0.531897 
0.909267 0.349891 
0.163172 0.990436 
0.363693 0.822815 
0.996551 0.103641 
0.979625 0.219080 
0.235666 0.969034 
0.241333 0.941998 
0.997312 0.110005 
0.999893 0.058119 
0.536819 0.667988 
0.200751 0.966451 
0.144380 0.988349 
0.422093 0.772195 
0.606467 0.601682 
0.240643 0.939054 
0.858288 0.367226 
0.286641 0.989378 
0.166289 0.981100 
0.348922 0.910603 
0.424103 0.812890 
0.836285 0.366956 
0.125229 0.999093 
0.647454 0.583616 
0.546131 0.661418 
0.996029 0.096789 
0.553753 0.670986 
0.805274 0.421851 
0.345920 0.903247 
0.945220 0.222981 
0.173444 0.989595 
0.346640 0.839519 
0.368458 0.811523 
0.955598 0.216990 
0.389233 0.864317 
0.730947 0.476901 
0.710278 0.548280 
0.557833 0.667073 
0.438169 0.760120 
0.803554 0.381924 
0.490944 0.723713 
0.999069 0.033852 
0.510378 0.745318 
0.037189 0.999170 
0.324638 0.883503 
0.095498 0.996806 
0.197426 0.982010 
0.790168 0.398204 
0.848600 0.355101 
0.411661 0.774013 
0.960944 0.245083 
0.468570 0.737607 
0.576935 0.669790 
0.904130 0.274250 
0.750842 0.441315 
0.437240 0.772425 
0.518205 0.702300 
0.133927 0.993821 
0.079632 0.998402 
0.277047 0.918439 
0.374280 0.858949 
0.324969 0.931884 
0.282759 0.944437 
0.637946 0.558442 
0.700963 0.523710 
0.013146 0.998746 
0.702471 0.486006 
0.975427 0.178456 
0.382256 0.797529 
0.851099 0.375672 
0.937729 0.234042 
0.831624 0.362323 
0.076657 0.997193 
0.955617 0.222160 
0.790493 0.403408 
0.999496 0.001109 
0.579600 0.686678 
0.114332 0.993562 
0.198137 0.975511 
0.518960 0.694701 
0.847800 0.363156 
0.165897 0.990883 
0.999176 0.052837 
0.859530 0.330869 
0.767432 0.440183 
0.147108 0.996284 
0.996406 0.187575 
0.333803 0.908467 
0.379257 0.804882 
0.776494 0.479712 
0.275729 0.920797 
0.688299 0.535264 
0.980561 0.173853 
0.962223 0.196823 
0.391417 0.803231 
0.989667 0.136390 
0.494251 0.704398 
0.992977 0.127005 
0.996950 0.076511 
0.842428 0.378172 
0.483616 0.731679 
0.680535 0.553445 
0.960866 0.201300 
0.026751 0.999326 
0.402048 0.813722 
0.408493 0.801919 
0.497142 0.699652 
0.796875 0.386518 
0.421932 0.797264 
0.996795 0.156389 
0.103847 0.997721 
0.521886 0.713886 
0.333563 0.878221 
0.998186 0.050360 
0.797965 0.403231 
0.733188 0.459223 
0.633148 0.654686 
0.347648 0.833028 
0.536125 0.662938 
0.857411 0.341334 
0.749571 0.451022 
0.738585 0.466269 
0.986559 0.195756 
0.758505 0.435147 
0.648795 0.535990 
0.471871 0.723330 
0.949062 0.239172 
0.773066 0.429299 
0.583030 0.613667 
0.427575 0.792764 
0.997420 0.138344 
0.694209 0.508916 
0.770933 0.445413 
0.313498 0.878571 
0.913033 0.254375 
0.933610 0.276516 
0.996276 0.097193 
0.982266 0.167001 
0.911906 0.293854 
0.232163 0.937332 
0.899418 0.352969 
0.638109 0.622714 
0.285389 0.909408 
0.182393 0.973660 
0.593801 0.649624 
0.187323 0.977509 
0.069210 0.996441 
0.942711 0.258297 
0.847464 0.366637 
0.373813 0.820957 
0.341293 0.893627 
0.389540 0.824275 
0.489715 0.708106 
0.885812 0.307867 
0.511392 0.683051 
0.483020 0.709911 
0.414054 0.777316 
0.221612 0.959671 
0.645285 0.556316 
0.958280 0.198477 
0.222628 0.990968 
0.998929 0.057404 
0.367006 0.815007 
0.554662 0.659312 
0.850048 0.339683 
0.267057 0.922686 
0.587003 0.634998 
0.900825 0.314652 
0.871860 0.304746 
0.558004 0.699314 
0.930531 0.279173 
0.431496 0.779952 
0.598563 0.609450 
0.755295 0.430792 
0.902558 0.280939 
0.802309 0.403046 
0.230113 0.944674 
0.200516 0.965420 
0.975342 0.219772 
0.377522 0.798421 
0.672747 0.538989 
0.261768 0.953655 
0.420292 0.763754 
0.921421 0.302004 
0.496710 0.702223 
0.945554 0.238732 
0.641717 0.556121 
0.319614 0.905599 
0.642032 0.545079 
0.999782 0.056473 
0.991189 0.181296 
0.195452 0.998057 
0.302186 0.878956 
0.401070 0.786341 
0.083467 0.998542 
0.608810 0.628523 
0.942557 0.225431 
0.971623 0.198896 
0.993150 0.175464 
0.888840 0.287440 
0.768383 0.441088 
0.650577 0.565286 
0.561166 0.632970 
0.830154 0.373247 
0.967122 0.221013 
0.437649 0.796653 
0.805166 0.448378 
0.733622 0.451261 
0.729238 0.483359 
0.067362 0.996630 
0.731882 0.493847 
0.679468 0.516890 
0.526437 0.708189 
0.946502 0.245382 
0.193679 0.990908 
0.544282 0.664100 
0.999935 0.083633 
0.770279 0.429821 
0.381758 0.904553 
0.632364 0.575468 
0.870230 0.329243 
0.836808 0.364118 
0.197769 0.995691 
0.458422 0.767301 
0.384948 0.809921 
0.402102 0.837425 
0.482391 0.746220 
0.588630 0.624603 
0.772178 0.449808 
0.395889 0.791216 
0.267256 0.927656 
0.882300 0.301578 
0.791661 0.451955 
0.439862 0.843021 
0.608379 0.597488 
0.165653 0.998026 
0.705990 0.548328 
0.995832 0.138579 
0.589274 0.600572 
0.682346 0.529659 
0.269551 0.952841 
0.495121 0.733535 
0.428397 0.773555 
0.998194 0.032759 
0.230307 0.961998 
0.523363 0.674737 
0.953150 0.219443 
0.804642 0.380587 
0.807140 0.403661 
0.438651 0.746409 
0.759598 0.426299 
0.173449 0.977803 
0.597416 0.610628 
0.407166 0.784650 
0.613896 0.591627 
0.204647 0.978522 
0.417294 0.766804 
0.995331 0.150971 
0.363394 0.848800 
0.519311 0.745655 
0.965023 0.209475 
0.147536 0.988749 
0.013087 0.998856 
0.996881 0.087008 
0.202651 0.982724 
0.452586 0.726779 
0.854142 0.370476 
0.442376 0.741420 
0.850050 0.345072 
0.034370 0.999715 
0.992273 0.130659 
0.273050 0.969765 
0.015541 0.999162 
0.541803 0.652756 
0.284116 0.897608 
0.249487 0.934624 
0.341784 0.856054 
0.438863 0.766725 
0.106490 0.997644 
0.697994 0.491419 
0.998058 0.148572 
0.510492 0.675816 
0.308043 0.911189 
0.848409 0.384859 
0.995093 0.105516 
0.219174 0.955107 
0.692176 0.497543 
0.999376 0.045623 
0.994625 0.198607 
0.101104 0.994594 
0.999729 0.119670 
0.534551 0.664607 
0.999778 0.071080 
0.540002 0.682856 
0.319089 0.868261 
0.484158 0.754228 
0.417651 0.788081 
0.554791 0.692142 
0.330492 0.956399 
0.647445 0.579055 
0.999733 0.063254 
0.996634 0.082671 
0.830204 0.368879 
0.553302 0.709478 
0.045691 0.999816 
0.576796 0.642091 
0.283969 0.904986 
0.998640 0.005375 
0.701622 0.488380 
0.412448 0.812378 
0.242223 0.951143 
0.917315 0.267237 
0.764255 0.445735 
0.490294 0.712089 
0.898153 0.284979 
0.710014 0.543234 
0.365103 0.872062 
0.376935 0.800838 
0.343969 0.842196 
0.519543 0.797511 
0.520082 0.667333 
0.998917 0.238654 
0.187904 0.987814 
0.587708 0.631626 
0.971450 0.227930 
0.756635 0.462630 
0.904728 0.294504 
0.033265 0.998872 
0.400920 0.851315 
0.763756 0.431607 
0.990142 0.169263 
0.830398 0.358537 
0.946288 0.228757 
0.692191 0.501500 
0.870665 0.343558 
0.311798 0.907861 
0.491244 0.704248 
0.904026 0.267073 
0.381406 0.855018 
0.458364 0.733817 
0.817519 0.416941 
0.277908 0.912836 
0.854770 0.345691 
0.630803 0.604215 
0.831632 0.365495 
0.797944 0.405068 
0.671582 0.585908 
0.710124 0.492159 
0.713282 0.526800 
0.554161 0.661928 
0.935262 0.280085 
0.235170 0.965526 
0.671791 0.523618 
0.130593 0.990857 
0.351276 0.831239 
0.404761 0.801508 
0.441999 0.747251 
0.718974 0.478359 
0.998131 0.159451 
0.136808 0.993926 
0.482809 0.724024 
0.519140 0.728263 
0.574462 0.667870 
0.996597 0.135796 
0.993410 0.144436 
0.095187 1.000000 
0.214688 0.957173 
0.216737 0.969764 
0.826394 0.403626 
0.724835 0.477641 
0.098608 0.995138 
0.999192 0.043921 
0.998165 0.068911 
0.224696 0.959339 
0.350682 0.869329 
0.777246 0.405376 
0.970777 0.189320 
0.817185 0.439935 
0.794230 0.418452 
0.496167 0.689031 
0.113778 0.998547 
0.735572 0.449930 
0.886038 0.296720 
0.557947 0.659418 
0.192363 0.987261 
0.098918 0.997561 
0.262779 0.945963 
0.775844 0.408973 
0.408618 0.785928 
0.422364 0.759025 
0.366732 0.854585 
0.645344 0.545995 
0.870067 0.325081 
0.580191 0.615897 
0.828603 0.369163 
0.481504 0.716638 
0.760161 0.472436 
0.095029 0.995304 
0.383111 0.831978 
0.261919 0.933366 
0.995922 0.162173 
0.942771 0.236707 
0.988188 0.142199 
0.975364 0.196321 
0.227077 0.945736 
0.954215 0.221433 
0.024531 0.998877 
0.570369 0.621405 
0.301219 0.897415 
0.325929 0.998476 
0.958211 0.218549 
0.232933 0.942905 
0.110756 0.999189 
0.836362 0.378119 
0.368776 0.810391 
0.169778 0.979138 
0.560227 0.633505 
0.222372 0.947901 
0.817063 0.383170 
0.157990 0.996604 
0.468910 0.751380 
0.262244 0.991477 
0.361070 0.839968 
0.661677 0.554494 
0.304787 0.902478 
0.986816 0.154755 
0.451522 0.731842 
0.369468 0.872648 
0.446389 0.764442 
0.875882 0.357961 
0.136588 0.994923 
0.803529 0.420223 
0.900222 0.289775 
0.586531 0.624887 
0.563573 0.662695 
0.549076 0.660376 
0.261942 0.920061 
0.497744 0.712475 
0.056188 0.999789 
0.981999 0.178838 
0.910193 0.271087 
0.987233 0.158708 
0.750117 0.468145 
0.837796 0.376364 
0.658597 0.600493 
0.898062 0.289973 
0.047621 0.998963 
0.529150 0.671634 
0.460331 0.724745 
0.042135 0.999359 
0.626583 0.562006 
0.453740 0.755917 
0.999042 0.090106 
0.963760 0.190068 
0.651698 0.604113 
0.060564 0.999158 
0.812349 0.410486 
0.866553 0.320820 
0.588560 0.639030 
0.748913 0.497652 
0.317217 0.900943 
0.305177 0.928746 
0.377116 0.820042 
0.029091 0.998942 
0.619302 0.630984 
0.755255 0.438291 
0.961427 0.221812 
0.062616 0.997920 
0.318725 0.881356 
0.449173 0.746203 
0.251022 0.933937 
0.829981 0.424228 
0.668122 0.556168 
0.713860 0.493301 
0.818328 0.389945 
0.965200 0.316386 
0.037679 0.999368 
0.910143 0.322962 
0.125746 0.991436 
0.701007 0.501802 
0.998682 0.099113 
0.678340 0.535160 
0.672752 0.521661 
0.852762 0.328301 
0.397485 0.794263 
0.275902 0.943448 
0.364531 0.828854 
0.681259 0.510192 
0.717225 0.485129 
0.675465 0.597996 
0.995894 0.108428 
0.841724 0.342116 
0.891726 0.323130 
0.095482 0.997359 
0.352603 0.862057 
0.556050 0.775076 
0.109285 0.999506 
0.877857 0.389368 
0.527956 0.671735 
0.859892 0.339742 
0.212607 0.957092 
0.996802 0.125213 
0.427326 0.787705 
0.817413 0.377046 
0.505517 0.721583 
0.072247 0.999578 
0.291769 0.895278 
0.716790 0.492811 
0.436918 0.754307 
0.987348 0.200874 
0.927154 0.262620 
0.762430 0.436967 
0.878005 0.305912 
0.197573 0.977585 
0.610035 0.609051 
0.855707 0.354608 
0.492592 0.719089 
0.946476 0.345202 
0.925638 0.239667 
0.512664 0.681951 
0.575711 0.666661 
0.835851 0.418828 
0.501864 0.683246 
0.588529 0.609673 
0.390860 0.793490 
0.196564 0.975205 
0.534792 0.656620 
0.253100 0.923464 
0.558548 0.660060 
0.931207 0.241890 
0.792488 0.466216 
0.900065 0.325173 
0.116949 0.994939 
0.997476 0.130259 
0.768651 0.415226 
0.664980 0.545873 
0.486824 0.706568 
0.669516 0.553358 
0.840468 0.393346 
0.992415 0.136025 
0.024672 0.998826 
0.733280 0.469159 
0.240043 0.999685 
0.721525 0.478716 
0.900792 0.276337 
0.428445 0.763098 
0.909981 0.296126 
0.702556 0.482376 
0.703745 0.545605 
0.853724 0.339764 
0.729540 0.464136 
0.457854 0.902726 
0.691725 0.506830 
0.391751 0.829625 
0.968044 0.212726 
0.729576 0.457448 
0.272364 0.919954 
0.223428 0.965135 
0.198971 0.975064 
0.228318 0.968353 
0.922062 0.265952 
0.112030 0.996772 
0.954171 0.213928 
0.654915 0.530742 
0.532161 0.660131 
0.226296 0.949666 
0.934108 0.253808 
0.242196 0.973337 
0.379635 0.823768 
0.266662 0.943809 
0.438480 0.766246 
0.914172 0.253138 
0.092472 0.998425 
0.121892 0.994459 
0.999813 0.160143 
0.096375 0.996618 
0.265782 0.924278 
0.388570 0.810086 
0.383066 0.802414 
0.058346 0.998470 
0.941803 0.272625 
0.998179 0.116403 
0.860591 0.317786 
0.999913 0.018636 
0.625303 0.579920 
0.385766 0.793171 
0.234803 0.959768 
0.233291 0.960914 
0.434978 0.797093 
0.996138 0.133513 
0.580443 0.627224 
0.143048 0.992584 
0.577314 0.657188 
0.367998 0.860347 
0.315502 0.886789 
0.199151 0.968353 
0.457057 0.756404 
0.903493 0.274967 
0.454272 0.754536 
0.101068 0.998690 
0.502017 0.695663 
0.281516 0.931293 
0.356194 0.827068 
0.812771 0.384094 
0.990830 0.146198 
0.874206 0.313315 
0.996043 0.171186 
0.338766 0.886467 
0.996609 0.080713 
0.600318 0.623640 
0.640641 0.591604 
0.828847 0.389986 
0.799287 0.388623 
0.586249 0.606266 
0.987555 0.165337 
0.850863 0.375586 
0.300297 0.887317 
0.524156 0.669581 
0.578066 0.633259 
0.417410 0.767168 
0.846087 0.360261 
0.168269 0.984967 
0.167454 0.993091 
0.863994 0.408528 
0.691033 0.516649 
0.660936 0.546289 
0.351275 0.836973 
0.518480 0.698393 
0.763018 0.537563 
0.960810 0.205645 
0.974718 0.235477 
0.334622 0.862129 
0.832330 0.374293 
0.999092 0.014052 
0.994831 0.141617 
0.703733 0.481821 
0.162735 0.988729 
0.999671 0.161443 
0.975096 0.174944 
0.315660 0.875672 
0.999725 0.112107 
0.436145 0.754455 
0.972645 0.196898 
0.688817 0.527488 
0.116526 0.996342 
0.797304 0.386169 
0.995314 0.165836 
0.622674 0.613543 
0.902761 0.293987 
0.512207 0.685041 
0.693925 0.516646 
0.399707 0.807940 
0.788975 0.401585 
0.702365 0.483717 
0.514941 0.697093 
0.918407 0.251872 
0.489999 0.760969 
0.156549 0.989190 
0.208536 0.980026 
0.548319 0.662515 
0.626071 0.629466 
0.242604 0.946493 
0.200418 0.991302 
0.016588 0.998716 
0.765153 0.476714 
0.927755 0.295870 
0.696926 0.524073 
0.901885 0.313726 
0.974560 0.196041 
0.151192 0.991673 
0.947830 0.234518 
0.983171 0.157536 
0.806652 0.415167 
0.235914 0.966844 
0.997685 0.084643 
0.521571 0.669424 
0.302537 0.914216 
0.227217 0.959052 
0.378015 0.819280 
0.687023 0.513579 
0.881383 0.388554 
0.705518 0.505024 
0.383486 0.801120 
0.245827 0.934046 
0.194148 0.999590 
0.110992 0.997066 
0.879757 0.299715 
0.256199 0.921335 
0.009425 0.999870 
0.294117 0.885528 
0.837968 0.354484 
0.579362 0.635619 
0.997861 0.119294 
0.401469 0.788215 
0.433365 0.803121 
0.996488 0.107133 
0.277889 0.944173 
0.993213 0.197092 
0.978715 0.195081 
0.462888 0.746409 
0.784572 0.458650 
0.025984 0.999308 
0.365878 0.834791 
0.718196 0.515708 
0.448755 0.754475 
0.425679 0.779905 
0.902979 0.303277 
0.632382 0.560178 
0.652660 0.572797 
0.795592 0.447082 
0.159690 0.989272 
0.726701 0.468268 
0.495448 0.730848 
0.926230 0.298283 
0.370178 0.832595 
0.993049 0.117109 
0.995035 0.269206 
0.967484 0.223425 
0.997303 0.062416 
0.837852 0.397687 
0.936028 0.248817 
0.893912 0.339575 
0.371199 0.827050 
0.408097 0.775979 
0.365367 0.871014 
0.205542 0.959314 
0.420063 0.780817 
0.540015 0.687036 
0.514752 0.672426 
0.508190 0.692284 
0.978431 0.193302 
0.926587 0.307304 
0.997973 0.054761 
0.438155 0.802305 
0.980547 0.163625 
0.128918 0.996039 
0.566477 0.703001 
0.687428 0.556540 
0.433940 0.768273 
0.669294 0.545701 
0.830452 0.374099 
0.824685 0.376734 
0.302144 0.931316 
0.371304 0.839748 
0.992856 0.134454 
0.813165 0.419974 
0.604153 0.613877 
0.577583 0.651650 
0.569051 0.643841 
0.534719 0.706822 
0.745290 0.453894 
0.058054 0.997568 
0.996034 0.093159 
0.959401 0.239530 
0.852711 0.370166 
0.976157 0.173478 
0.978663 0.171541 
0.146528 0.998306 
0.586305 0.638952 
0.440890 0.750290 
0.061619 0.998989 
0.467432 0.723370 
0.125737 0.990833 
0.851214 0.332653 
0.579828 0.662026 
0.226809 0.950915 
0.500366 0.694224 
0.520692 0.687060 
0.647560 0.606903 
0.950635 0.265018 
0.996459 0.160598 
0.069928 0.998709 
0.464621 0.758926 
0.763753 0.419127 
0.377552 0.805892 
0.559755 0.687040 
0.141217 0.989388 
0.541489 0.707082 
0.793888 0.403516 
0.342918 0.902350 
0.421373 0.765412 
0.968939 0.225810 
0.333595 0.851395 
0.412637 0.772533 
0.523907 0.683252 
0.062871 0.998223 
0.961290 0.201775 
0.586770 0.654189 
0.170750 0.985405 
0.878236 0.364171 
0.139103 0.989409 
0.956689 0.227990 
0.853614 0.364639 
0.996995 0.063314 
0.980958 0.208070 
0.274205 0.943204 
0.300052 0.883070 
0.872493 0.302863 
0.173242 0.982312 
0.633771 0.613682 
0.373542 0.809532 
0.427537 0.774716 
0.204302 0.989554 
0.953086 0.278226 
0.930487 0.266914 
0.982245 0.166545 
0.907406 0.302650 
0.094498 0.997133 
0.183560 0.983362 
0.965811 0.218188 
0.981835 0.181433 
0.722656 0.463651 
0.687690 0.591798 
0.371838 0.832489 
0.968354 0.186458 
0.995942 0.098498 
0.250414 0.945488 
0.980654 0.175372 
0.347464 0.832878 
0.122345 0.992208 
0.990456 0.143330 
0.992517 0.169186 
0.047169 0.998169 
0.823331 0.376784 
0.964606 0.200507 
0.179068 0.997516 
0.636855 0.612338 
0.905314 0.284004 
0.721805 0.488874 
0.636770 0.592776 
0.756546 0.438864 
0.826952 0.408247 
0.361982 0.848133 
0.808456 0.415924 
0.845695 0.340777 
0.415483 0.775855 
0.107147 0.994589 
0.967426 0.191410 
0.993364 0.251523 
0.999153 0.013916 
0.314422 0.876068 
0.545385 0.651661 
0.362100 0.835391 
0.052451 0.998580 
0.595757 0.606974 
0.852635 0.375852 
0.470291 0.722059 
0.488934 0.795954 
0.449475 0.751892 
0.297055 0.978338 
0.370109 0.806859 
0.686699 0.510093 
0.304784 0.890511 
0.339368 0.867437 
0.416950 0.789711 
0.975838 0.171873 
0.353122 0.828151 
0.404760 0.790704 
0.440910 0.751402 
0.493260 0.723131 
0.997968 0.078557 
0.907149 0.261055 
0.778318 0.406254 
0.859211 0.358186 
0.546374 0.678584 
0.336508 0.956695 
0.591798 0.622943 
0.650026 0.613431 
0.664488 0.543715 
0.984850 0.157306 
0.281925 0.953699 
0.545521 0.662665 
0.915641 0.314779 
0.284574 0.905571 
0.372095 0.855599 
0.442622 0.745788 
0.411527 0.786270 
0.997931 0.066155 
0.833363 0.391374 
0.762586 0.458267 
0.623125 0.622224 
0.707211 0.484248 
0.875792 0.326633 
0.604502 0.596859 
0.993808 0.111546 
0.848115 0.388291 
0.495552 0.707956 
0.017026 0.999648 
0.676632 0.553771 
0.193596 0.978551 
0.613620 0.623227 
0.764644 0.471159 
0.119675 0.993359 
0.512515 0.685419 
0.367309 0.861344 
0.331890 0.890713 
0.261157 0.956607 
0.801196 0.418488 
0.436877 0.756076 
0.675632 0.520359 
0.125016 0.995678 
0.933442 0.260657 
0.545071 0.664897 
0.787795 0.402099 
0.998679 0.141838 
0.985155 0.183378 
0.560314 0.653074 
0.946694 0.243386 
0.811855 0.374384 
0.581160 0.629833 
0.086140 0.998176 
0.980804 0.209054 
0.999522 0.103460 
0.806541 0.385269 
0.299254 0.914959 
0.604467 0.589637 
0.995462 0.103628 
0.798580 0.392684 
0.062284 0.998674 
0.521389 0.736090 
0.171358 0.982172 
0.634924 0.566586 
0.915072 0.252869 
0.124663 0.998122 
0.222035 0.971087 
0.340605 0.930023 
0.913410 0.262708 
0.687462 0.503873 
0.628160 0.560025 
0.476665 0.726231 
0.365228 0.856774 
0.603558 0.643067 
0.944109 0.232506 
0.958246 0.212073 
0.725874 0.459851 
0.885457 0.316754 
0.974948 0.197225 
0.522535 0.701368 
0.741810 0.447412 
0.886795 0.292846 
0.321617 0.870107 
0.418757 0.781072 
0.298787 0.884426 
0.490710 0.745414 
0.957692 0.205907 
0.953788 0.236237 
0.212641 0.974726 
0.999665 0.012746 
0.786380 0.414718 
0.449643 0.731427 
0.361889 0.874035 
0.495357 0.710834 
0.998639 0.108699 
0.635504 0.553951 
0.473648 0.722885 
0.343109 0.838449 
0.309630 0.946356 
0.806883 0.396377 
0.033319 0.998268 
0.943223 0.254930 
0.617782 0.618317 
0.817715 0.371437 
0.534654 0.674518 
0.354519 0.833119 
0.529241 0.671849 
0.119592 0.992387 
0.567820 0.647315 
0.599863 0.595135 
0.574183 0.620732 
0.449000 0.753978 
0.136378 0.989644 
0.657287 0.545783 
0.955620 0.225487 
0.660378 0.526978 
0.625226 0.585233 
0.377994 0.802086 
0.734761 0.479621 
0.294724 0.904326 
0.292328 0.898534 
0.998832 0.003853 
0.514199 0.676605 
0.166775 0.996419 
0.181572 0.994133 
0.691906 0.510656 
0.857621 0.343352 
0.720703 0.509292 
0.956219 0.222445 
0.402584 0.801499 
0.888791 0.326476 
0.431599 0.767980 
0.636670 0.616656 
0.578190 0.618998 
0.813222 0.397714 
0.816444 0.396839 
0.173044 0.977782 
0.568684 0.624544 
0.383758 0.832899 
0.868643 0.320897 
0.343826 0.850211 
0.702150 0.488186 
0.464517 0.737796 
0.626937 0.579657 
0.175172 0.996067 
0.743444 0.465749 
0.015232 0.998783 
0.654137 0.554802 
0.752606 0.440134 
0.623951 0.574656 
0.995367 0.128371 
0.434753 0.758108 
0.176596 0.982732 
0.764632 0.430573 
0.448016 0.744907 
0.785324 0.404500 
0.999760 0.004566 
0.603055 0.642564 
0.930140 0.239612 
0.983012 0.235668 
0.981206 0.237081 
0.679081 0.545841 
0.155786 0.994328 
0.000000 0.000000 
