521
18
108
123
142
234
284
290
303
304
326
432
460
531
550
612
625
666
717
720
840
850
877
905
1049
1134
1161
1205
1411
1484
1526
1572
1594
1604
1616
1664
1697
1820
1851
1858
1872
1953
2047
2053
2073
2150
2385
2466
2486
2549
2555
2706
2901
3068
3131
3216
3259
3274
3337
3349
3355
3357
3358
3399
3513
3598
3648
3706
3710
3759
3846
3852
3860
3992
4020
4032
4068
4241
4256
4257
4312
4347
4376
4516
4691
4754
4817
4828
4893
4958
5138
5206
5283
5286
5350
5464
5603
5606
5650
5682
5683
5737
5799
5847
5852
5953
5976
6001
6054
6264
6290
6294
6311
6317
6344
6375
6459
6590
6621
6636
6645
6667
6775
6800
6812
6819
6820
6890
6925
7079
7110
7136
7206
7213
7257
7282
7300
7310
7368
7535
7586
7671
7685
7692
7773
7780
7833
7841
7868
7869
7905
8033
8037
8148
8157
8162
8235
8257
8268
8298
8349
8351
8439
8442
8457
8710
8719
8795
8805
8835
8890
8895
8979
9038
9050
9111
9229
9303
9370
9448
9534
9622
9659
9665
9673
9685
9690
9742
9835
9863
9912
10107
10355
10372
10385
10509
10532
10534
10537
10580
10611
10622
10630
10641
10642
10788
10881
10918
11145
11149
11285
11300
11400
11493
11596
11639
11673
11753
11778
11825
11840
11897
11921
11928
12045
12102
12131
12149
12187
12214
12291
12328
12359
12506
12507
12523
12562
12593
12607
12619
12668
12695
12728
12786
12817
12868
12974
12992
13013
13055
13196
13257
13370
13424
13427
13462
13472
13551
13618
13620
13641
13678
13738
13756
13840
13846
13859
13911
13913
13939
13948
14001
14020
14064
14070
14154
14218
14224
14319
14327
14333
14367
14444
14455
14460
14462
14552
14576
14587
14590
14627
14651
14698
14717
14745
14764
14783
14830
14863
14884
14937
14987
15124
15207
15263
15283
15296
15317
15321
15453
15467
15468
15480
15483
15495
15525
15555
15628
15732
15766
15777
15796
15846
15850
15883
15928
15931
15971
16141
16240
16246
16350
16508
16593
16637
16756
16829
16836
16869
16937
16954
16961
16970
17092
17174
17228
17345
17396
17446
17540
17552
17665
17784
17870
17892
17929
17959
17965
18013
18046
18065
18092
18184
18225
18333
18420
18528
18531
18535
18579
18674
18721
18725
18760
18770
18780
18818
18916
19006
19082
19170
19236
19247
19251
19528
19568
19601
19656
19666
19692
19863
19976
20144
20165
20170
20286
20358
20449
20570
20616
20620
20661
20682
20687
20838
20864
21104
21145
21147
21160
21179
21199
21212
21243
21279
21312
21403
21426
21587
21624
21628
21859
21905
22099
22208
22236
22276
22285
22351
22392
22468
22469
22587
22642
22672
22738
22744
22777
22811
22863
22932
22936
22946
22984
23021
23035
23068
23102
23103
23123
23146
23151
23183
23199
23211
23252
23262
23314
23534
23559
23565
23591
23644
23678
23699
23714
23715
23850
23875
23878
23921
23933
23953
24081
24155
24309
24339
24342
24372
24400
24432
24488
24524
24626
24652
24666
24678
24729
24765
24772
24794
24816
24851
24876
24891
24973
24978
24982
24984
25088
25099
25102
25118
25154
25234
25246
25287
25344
25356
25376
25377
25379
25387
25450
25479
25482
25517
25534
25535
25608
25658
25687
