50 2
0.139847 0.742312
0.390938 0.632707
0.806578 0.277761
0.962638 0.007113
0.468361 0.484975
0.395388 0.691726
0.365764 0.706516
0.464927 0.468538
0.289918 0.745881
0.664709 0.304193
0.544004 0.336367
0.525344 0.586996
0.915585 0.198086
0.376751 0.614202
0.834425 0.084418
0.865922 0.071098
0.550033 0.480064
0.460541 0.496260
0.403004 0.620590
0.259351 0.680338
0.539740 0.503619
0.917483 0.102728
0.245070 0.701547
0.653292 0.328533
0.539278 0.333567
0.625313 0.347114
0.065556 0.917371
0.194867 0.672014
0.417905 0.595585
0.331457 0.581364
0.639165 0.362190
0.834858 0.080040
0.780767 0.364477
0.268415 0.611178
0.651993 0.231050
0.901224 0.139646
0.430151 0.442001
0.950999 0.007542
0.712962 0.434782
0.313755 0.831237
0.756912 0.160440
0.147248 0.749001
0.346969 0.791793
0.488393 0.439328
0.573048 0.387369
0.059806 0.897435
0.351377 0.491786
0.176168 0.931101
0.388870 0.697628
0.886075 0.124169
