100 2
0.139847 0.742312
0.390938 0.632707
0.806578 0.277761
0.962638 0.007113
0.468361 0.484975
0.395388 0.691726
0.365764 0.706516
0.464927 0.468538
0.289918 0.745881
0.664709 0.304193
0.544004 0.336367
0.525344 0.586996
0.915585 0.198086
0.376751 0.614202
0.834425 0.084418
0.865922 0.071098
0.550033 0.480064
0.460541 0.496260
0.403004 0.620590
0.259351 0.680338
0.539740 0.503619
0.917483 0.102728
0.245070 0.701547
0.653292 0.328533
0.539278 0.333567
0.625313 0.347114
0.065556 0.917371
0.194867 0.672014
0.417905 0.595585
0.331457 0.581364
0.639165 0.362190
0.834858 0.080040
0.780767 0.364477
0.268415 0.611178
0.651993 0.231050
0.901224 0.139646
0.430151 0.442001
0.950999 0.007542
0.712962 0.434782
0.313755 0.831237
0.756912 0.160440
0.147248 0.749001
0.346969 0.791793
0.488393 0.439328
0.573048 0.387369
0.059806 0.897435
0.351377 0.491786
0.176168 0.931101
0.388870 0.697628
0.895130 0.134318
0.398850 0.492346
0.683737 0.402432
0.326368 0.594088
0.924512 0.141927
0.119644 0.840127
0.267209 0.637310
0.301865 0.630827
0.567389 0.519122
0.337067 0.775103
0.472322 0.677940
0.739968 0.225812
0.723289 0.324925
0.589028 0.459746
0.058559 0.911091
0.535088 0.379011
0.506781 0.427762
0.265815 0.684812
0.587112 0.319654
0.466687 0.539346
0.531031 0.511681
0.410642 0.636427
0.467909 0.496385
0.022168 0.991258
0.595010 0.436151
0.372487 0.496505
0.969280 0.190171
0.598709 0.380752
0.510220 0.548583
0.501309 0.499542
0.694510 0.316275
0.358859 0.650609
0.568035 0.346441
0.026963 0.966965
0.405034 0.671384
0.203233 0.885674
0.028557 0.930489
0.958228 0.069828
0.751757 0.116512
0.369961 0.643931
0.936136 0.095728
0.804523 0.119428
0.212524 0.679721
0.651391 0.286564
0.503832 0.687826
0.307524 0.743767
0.657395 0.415033
0.237522 0.654491
0.378955 0.543601
0.492111 0.471727
0.649801 0.391788