6
71
-0.000000 -0.000000 5014.524080 3603.796985 1381.678935 0.000000 
0.000000 0.000000 2501.229877 3844.835126 2273.486812 1380.448185 
-0.000000 0.000000 4288.854944 2865.828372 2845.316684 0.000000 
0.000000 0.000000 6781.399883 -0.000000 3218.600117 0.000000 
7145.754258 0.000000 1935.578174 0.000000 918.667568 0.000000 
8082.748706 0.000000 1837.366303 0.000000 0.000000 79.884992 
8008.317350 0.000000 1991.682650 -0.000000 0.000000 0.000000 
7791.715632 0.000000 2091.969911 116.314458 0.000000 0.000000 
8151.441492 -0.000000 1491.012404 -0.000000 101.575278 255.970826 
7876.926659 -0.000000 1159.342443 0.000000 550.249180 413.481719 
7133.530535 -0.000000 956.106072 543.522510 607.359707 759.481177 
7993.927539 0.000000 1758.670444 -0.000000 -0.000000 247.402018 
-0.000000 -0.000000 5460.680139 0.000000 2591.757754 1947.562106 
-0.000000 5122.385710 671.121849 401.264620 3805.227821 -0.000000 
0.000000 5360.705217 752.076350 -0.000000 3887.218433 -0.000000 
2002.371941 4287.292646 601.482692 0.000000 3108.852721 0.000000 
0.000000 3796.593965 1421.914681 0.000000 3175.100362 1606.390992 
6555.310283 1307.808819 489.805488 0.000000 1093.723557 553.351853 
6106.251387 546.892484 546.368775 890.528197 871.088468 1038.870690 
0.000000 -0.000000 9788.645707 -0.000000 211.354293 -0.000000 
0.000000 99.704053 9900.295947 -0.000000 -0.000000 -0.000000 
89.186443 -0.000000 9910.813557 0.000000 -0.000000 -0.000000 
0.000000 -0.000000 6716.737670 -0.000000 1607.080372 1676.181958 
0.000000 555.302815 8284.847352 -0.000000 -0.000000 1159.849833 
500.818881 -0.000000 8327.679780 -0.000000 -0.000000 1171.501339 
0.000000 0.000000 6776.948134 2973.582104 249.469762 -0.000000 
0.000000 116.707506 7071.300721 2811.991774 -0.000000 -0.000000 
104.322308 0.000000 7097.352872 2798.324820 -0.000000 -0.000000 
-0.000000 939.222725 4695.499749 2262.889948 0.000000 2102.387578 
831.343243 0.000000 4929.630818 2160.107944 -0.000000 2078.917995 
-0.000000 0.000000 2202.365123 3579.784074 2056.749572 2161.101231 
-0.000000 0.000000 3970.123081 1329.901993 2260.067411 2439.907516 
438.867010 0.000000 1770.861256 3078.302037 1710.255932 3001.713765 
-0.000000 450.511722 1388.811248 3214.395840 1864.061967 3082.219224 
-0.000000 459.463638 1397.350594 3203.861571 1850.472914 3088.851284 
-0.000000 453.452900 1395.751707 3196.417177 1864.213132 3090.165086 
17.249301 438.670599 1393.234570 3204.289269 1855.507870 3091.048392 
0.000000 6177.698648 1077.754100 0.000000 2744.547252 -0.000000 
0.000000 786.951794 6531.590346 2681.457860 0.000000 0.000000 
3305.207518 4135.841047 721.534004 0.000000 1837.417431 0.000000 
-0.000000 1275.438459 4479.937229 2209.932841 -0.000000 2034.691471 
-0.000000 1246.251883 1461.375103 2943.498422 1558.733965 2790.140627 
0.000000 615.350434 4692.287796 3421.994957 1270.366813 0.000000 
0.000000 5492.594487 827.331629 647.896298 3032.177585 0.000000 
5965.818391 1144.536111 614.736432 745.293788 671.262377 858.352900 
0.000000 879.435256 1484.540962 3638.349418 2311.749935 1685.924429 
0.000000 2337.292551 791.389843 2752.649141 2692.577801 1426.090665 
-0.000000 1059.761303 1046.645313 3392.541331 2153.215505 2347.836548 
2792.974211 1034.592993 700.209081 2309.364324 1666.165877 1496.693514 
0.000000 614.021277 9385.978723 0.000000 0.000000 0.000000 
0.000000 6168.529703 1101.042542 0.000000 2730.427755 0.000000 
-0.000000 1998.293741 6220.393474 1781.312785 -0.000000 -0.000000 
0.000000 917.612161 7970.438396 0.000000 0.000000 1111.949443 
-0.000000 2233.963446 4640.116150 1520.555996 -0.000000 1605.364408 
7916.189964 127.950370 1955.859666 0.000000 0.000000 0.000000 
3349.601426 4102.318114 732.237175 0.000000 1815.843285 0.000000 
0.000000 5187.933972 1589.298889 0.000000 2097.353553 1125.413586 
0.000000 6163.414134 1089.701646 -0.000000 2724.972267 21.911953 
0.000000 4935.683141 1606.193838 401.574371 1802.717066 1253.831584 
7507.864355 278.256260 2052.725691 161.153693 0.000000 0.000000 
5986.562167 1011.455415 2239.393727 625.451291 137.137399 0.000000 
5038.336321 991.486148 3086.350037 883.827495 0.000000 -0.000000 
6272.964812 1933.561247 592.337288 -0.000000 781.691049 419.445603 
3413.864821 4059.307865 717.692235 0.000000 1794.703571 14.431508 
6150.582691 1899.950411 618.291036 154.582733 693.941028 482.652100 
7990.379344 149.730009 1763.434469 -0.000000 -0.000000 96.456178 
7926.917831 325.353668 1450.419970 0.000000 66.366231 230.942300 
7892.947622 193.345689 1679.413117 0.000000 0.000000 234.293572 
6768.432013 1136.011562 1034.477482 319.872312 276.301450 464.905181 
4708.781936 1182.038774 2455.186639 804.559336 0.000000 849.433315 
0.000000 0.000000 -0.000000 -0.000000 0.000000 0.000000 
14
0
1
2
4
5
6
7
8
9
10
11
12
13
14
