6
1
4103.770964 1777.727764 57.262976 1677.368725 436.286313 1890.320282 
7
16
1.000000 1.000000 1.000000 1.000000 1.000000 1.000000 -10000.000000 
-1.000000 0.000000 0.000000 0.000000 0.000000 0.000000 0.000000 
0.000000 -1.000000 0.000000 0.000000 0.000000 0.000000 0.000000 
0.000000 0.000000 -1.000000 0.000000 0.000000 0.000000 0.000000 
0.000000 0.000000 0.000000 -1.000000 0.000000 0.000000 0.000000 
0.000000 0.000000 0.000000 0.000000 -1.000000 0.000000 0.000000 
0.022222 0.092221 0.097046 0.019737 0.322817 -0.260223 0.000000 
-0.022222 0.031685 0.259121 -0.054825 0.357300 -0.234201 0.000000 
0.022222 0.027048 -0.138248 0.675439 -0.134262 -0.668145 0.000000 
0.000000 -0.027563 0.120626 0.010964 0.014673 -0.070632 0.000000 
0.000000 0.041731 -0.002730 -0.037281 -0.093177 -0.014869 0.000000 
-0.033333 -0.062082 -0.002234 0.004386 -0.048422 0.107807 0.000000 
0.022222 -0.009016 -0.089352 0.118422 0.015408 -0.193309 0.000000 
-0.011111 -0.010561 -0.044676 -0.157894 -0.159941 0.111524 0.000000 
0.000000 -0.039670 -0.088359 -0.067982 -0.228173 0.122677 0.000000 
0.000000 -0.068006 -0.176967 -0.125000 -0.308877 0.211896 0.000000 
