6
131
0.900000 0.913962 0.543807 0.620614 0.308144 0.001000 
0.933333 0.757857 0.370315 0.039474 0.209831 0.178439 
0.933333 0.875322 0.570613 0.447368 0.435070 0.063197 
0.933333 0.902112 0.389178 0.629386 0.358767 0.001000 
0.900000 0.927872 0.430628 0.526316 0.363169 0.001000 
0.877778 0.754508 0.294614 0.692982 0.168745 0.007435 
0.955556 0.538897 0.233557 0.032895 0.123258 0.048327 
0.933333 0.727460 0.425168 0.028509 0.256787 0.256506 
0.966667 0.529624 0.284934 0.057018 0.157740 0.066914 
0.900000 0.752705 0.251924 0.861842 0.182685 0.001000 
1.000000 0.740855 0.276247 0.024123 0.280264 0.014870 
0.933333 0.879444 0.525441 0.074561 0.309611 0.037175 
0.922222 0.741628 0.346240 0.116228 0.146001 0.141264 
0.933333 0.876352 0.581534 0.344298 0.446075 0.107807 
0.933333 0.899794 0.491685 0.565789 0.434336 0.003717 
0.911111 0.911643 0.702656 0.381579 0.584006 0.001000 
0.911111 0.870428 0.564656 0.741228 0.466618 0.001000 
0.933333 0.870685 0.260859 0.067982 0.161409 0.267658 
0.933333 0.835652 0.611070 0.350877 0.485693 0.126394 
0.933333 0.846471 0.513031 0.449561 0.560528 0.001000 
0.955556 0.707625 0.233805 0.210526 0.181952 0.001000 
0.955556 0.736991 0.362373 0.125000 0.207630 0.011152 
0.966667 0.718444 0.296848 0.129386 0.279530 0.001000 
0.922222 0.798815 0.535617 0.223684 0.499633 0.011152 
0.966667 0.718959 0.241996 0.037281 0.229640 0.001000 
0.911111 0.937146 0.462149 0.173246 0.419663 0.001000 
0.911111 0.873261 0.504095 0.260965 0.595011 0.001000 
0.866667 0.755796 0.641598 0.173246 0.435070 0.118959 
0.888889 0.880216 0.608588 0.039474 0.575202 0.007435 
0.888889 0.835909 0.551502 0.328947 0.589875 0.003717 
0.900000 0.875322 0.625465 0.274123 0.606750 0.001000 
0.888889 0.814271 0.569620 0.214912 0.335290 0.208178 
0.911111 0.724626 0.197071 1.000000 0.195891 0.001000 
0.911111 0.845183 0.754778 0.274123 0.713133 0.044610 
0.888889 0.816589 0.561926 0.225877 0.697726 0.163569 
0.911111 0.852911 0.711839 0.287281 0.630961 0.026022 
0.888889 0.455693 0.077935 0.756579 0.048423 0.074349 
0.911111 0.821741 0.559196 0.048246 0.338958 0.602230 
0.900000 0.838485 0.653512 0.142544 0.581805 0.100372 
0.911111 0.815301 0.582527 0.717105 0.475422 0.003717 
0.911111 0.823545 0.683296 0.118421 0.512839 0.342007 
0.911111 0.804225 0.630429 0.109649 0.669846 0.059480 
0.911111 0.804740 0.495160 0.824561 0.393250 0.003717 
0.911111 0.773313 0.494664 0.699561 0.614087 0.001000 
0.911111 0.781556 0.640357 0.182018 0.492296 0.107807 
0.911111 0.850592 0.591214 0.173246 0.651504 0.014870 
0.911111 0.797269 0.521469 0.701754 0.570066 0.003717 
0.866667 0.790057 0.630678 0.133772 0.417461 0.301115 
0.911111 0.835137 0.531149 0.750000 0.418195 0.001000 
0.911111 0.663318 0.389675 0.357456 0.305209 0.070632 
0.911111 0.827151 0.475552 0.578947 0.561996 0.011152 
0.855556 0.715611 0.386945 0.311404 0.415994 0.141264 
0.911111 0.857548 0.512038 0.276316 0.539985 0.029740 
0.888889 0.844152 0.542070 0.651316 0.397652 0.029740 
0.900000 0.830500 0.589973 0.506579 0.623624 0.001000 
0.888889 0.834879 0.591462 0.581140 0.678650 0.037175 
0.911111 0.910098 0.426905 0.166667 0.334556 0.524164 
0.911111 0.854714 0.418466 0.008772 0.283199 0.732342 
0.855556 0.756569 0.407793 0.493421 0.472487 0.040892 
0.900000 0.791860 0.555473 0.574561 0.621423 0.022305 
0.911111 0.795981 0.618268 0.092105 0.482025 0.412639 
0.877778 0.733127 0.371556 0.083333 0.164343 0.955390 
0.900000 0.758887 0.464631 0.041667 0.360235 0.836431 
0.911111 0.777692 0.509059 0.594298 0.603815 0.011152 
0.911111 0.783359 0.355175 0.063596 0.162876 0.992565 
0.922222 0.718702 0.310002 0.052632 0.179751 0.375465 
0.900000 0.764554 0.434599 0.054825 0.348496 0.851301 
0.877778 0.866048 0.524944 0.057018 0.392517 0.769517 
0.888889 0.863730 0.481013 0.098684 0.429200 0.546468 
0.800000 0.722823 0.358650 0.300439 0.229640 0.223048 
0.788889 0.723596 0.385952 0.271930 0.244314 0.241636 
0.911111 0.805255 0.522959 0.201754 0.404255 0.353160 
0.911111 0.892324 0.460412 0.070175 0.232575 0.368030 
0.944444 0.466512 0.251675 0.050439 0.273661 0.066914 
0.900000 0.627254 0.249690 0.394737 0.173147 0.223048 
0.911111 0.882277 0.491933 0.039474 0.310345 0.657993 
0.911111 0.817620 0.451725 0.421053 0.485693 0.026022 
0.911111 0.886914 0.438074 0.070175 0.238445 0.338290 
0.855556 0.795209 0.512534 0.258772 0.430668 0.219331 
0.911111 0.804997 0.442790 0.221491 0.394718 0.561338 
0.844444 0.730551 0.323654 0.267544 0.283199 0.297398 
0.822222 0.753220 0.527426 0.447368 0.713133 0.001000 
0.911111 0.803709 0.514023 0.151316 0.541453 0.546468 
0.888889 0.828181 0.590717 0.118421 0.594277 0.617100 
0.900000 0.874807 0.469595 0.107456 0.255319 0.821561 
0.855556 0.757342 0.366592 0.296053 0.234776 0.193309 
0.911111 0.855487 0.368330 0.103070 0.247982 0.631970 
0.911111 0.857548 0.518491 0.445175 0.514307 0.003717 
0.900000 0.817877 0.425416 0.276316 0.328687 0.137546 
0.866667 0.632921 0.260859 0.467105 0.110785 0.386617 
0.911111 0.851365 0.532142 0.188596 0.471753 0.780669 
0.922222 0.812468 0.420948 0.098684 0.245781 0.330855 
0.900000 0.876352 0.445272 0.083333 0.237711 0.825279 
0.911111 0.876095 0.610822 0.146930 0.523111 0.460967 
0.900000 0.819423 0.467610 0.519737 0.465150 0.022305 
0.911111 0.897733 0.561430 0.028509 0.539985 0.312268 
0.888889 0.570067 0.239017 0.383772 0.271460 0.137546 
0.900000 0.868882 0.425912 0.208333 0.216434 0.524164 
0.833333 0.760948 0.597419 0.129386 0.532649 0.643123 
0.911111 0.863215 0.450732 0.050439 0.342627 0.494424 
0.944444 0.691654 0.343510 0.081140 0.314747 0.033457 
0.866667 0.745750 0.318690 0.471491 0.363903 0.252788 
0.911111 0.769706 0.299082 0.271930 0.133529 0.486989 
0.855556 0.750902 0.416977 0.228070 0.310345 0.368030 
0.944444 0.687532 0.166791 0.673246 0.159208 0.001000 
0.900000 0.840804 0.487466 0.030702 0.311812 0.892193 
0.900000 0.810407 0.389427 0.260965 0.201761 0.423792 
0.866667 0.777950 0.504344 0.260965 0.519442 0.338290 
0.866667 0.778722 0.485232 0.035088 0.263390 1.000000 
0.888889 0.870943 0.582278 0.054825 0.586207 0.739777 
0.888889 0.843380 0.702904 0.065789 0.600880 0.669145 
0.877778 0.866048 0.615041 0.144737 0.597212 0.472119 
0.766667 0.671561 0.261603 0.482456 0.363169 0.133829 
0.900000 0.841834 0.439067 0.300439 0.218635 0.356877 
0.888889 0.659711 0.223877 0.456140 0.214233 0.126394 
0.888889 0.715611 0.300074 0.285088 0.134263 0.576208 
0.822222 0.757857 0.522462 0.028509 0.526779 0.762082 
0.855556 0.809377 0.603127 0.078947 0.563463 0.509294 
0.911111 0.822514 0.576570 0.087719 0.544387 0.557621 
0.911111 0.795466 0.420700 0.385965 0.658107 0.001000 
0.911111 0.883050 0.537106 0.026316 0.584740 0.353160 
0.911111 0.811695 0.443783 0.120614 0.243580 0.903346 
0.900000 0.740855 0.345992 0.497807 0.344094 0.092937 
0.001000 0.021123 0.621742 0.197368 0.236977 0.806691 
0.744444 0.624936 0.428891 0.212719 0.337491 0.676580 
0.900000 0.787481 0.571854 0.203947 0.559061 0.490706 
0.877778 0.785162 0.592207 0.232456 0.565664 0.327138 
0.888889 0.721020 0.341524 0.243421 0.171680 0.449814 
0.911111 0.834364 0.613552 0.184211 0.616288 0.475836 
0.844444 0.764039 0.560437 0.168860 0.567131 0.479554 
0.000000 0.000000 0.000000 0.000000 0.000000 0.000000 
