526
18
108
123
142
234
284
290
303
304
326
432
460
531
550
612
625
666
717
720
849
876
904
986
1048
1133
1160
1409
1482
1524
1570
1592
1602
1614
1662
1695
1818
1849
1856
1870
1951
2045
2051
2071
2148
2383
2464
2484
2547
2553
2704
2899
3066
3129
3214
3257
3272
3335
3347
3353
3355
3356
3397
3511
3561
3597
3647
3706
3710
3759
3832
3846
3852
3860
3992
4020
4032
4068
4255
4256
4294
4311
4346
4375
4690
4741
4753
4816
4827
4956
5136
5281
5284
5348
5462
5490
5601
5604
5648
5680
5681
5735
5797
5845
5850
5951
5974
5999
6052
6262
6288
6292
6309
6315
6342
6373
6441
6457
6588
6619
6634
6643
6665
6693
6774
6799
6811
6818
6819
6888
6924
7078
7109
7135
7205
7212
7256
7281
7299
7309
7367
7534
7585
7684
7691
7772
7779
7780
7832
7840
7867
7868
7904
8032
8036
8147
8156
8161
8255
8266
8347
8437
8440
8519
8709
8718
8794
8804
8834
8889
8977
9048
9061
9110
9228
9257
9303
9370
9448
9534
9622
9659
9665
9673
9685
9742
9862
9911
10106
10354
10371
10384
10508
10531
10533
10536
10579
10610
10621
10629
10640
10641
10787
10880
10915
10917
11148
11284
11299
11352
11399
11492
11557
11595
11638
11672
11752
11777
11824
11839
11897
11921
11928
12045
12102
12131
12149
12187
12214
12291
12328
12359
12491
12506
12507
12523
12562
12593
12607
12619
12668
12695
12728
12786
12797
12817
12865
12868
12974
12992
12998
13013
13055
13196
13257
13370
13424
13427
13462
13472
13593
13619
13621
13642
13679
13756
13846
13859
13911
13913
13939
13948
14001
14020
14064
14070
14108
14154
14218
14224
14319
14327
14333
14367
14444
14455
14460
14462
14552
14560
14577
14588
14591
14628
14652
14699
14718
14746
14765
14784
14831
14864
14885
14938
14988
15125
15208
15264
15284
15297
15318
15322
15454
15468
15469
15481
15484
15496
15526
15556
15629
15733
15767
15778
15797
15847
15851
15884
15929
15932
15972
16142
16241
16247
16351
16366
16509
16594
16638
16757
16837
16870
16938
16961
16970
16980
17092
17174
17228
17345
17396
17446
17540
17552
17665
17784
17870
17892
17929
17959
17965
18013
18046
18065
18092
18184
18225
18333
18420
18531
18535
18579
18721
18725
18760
18770
18780
18818
18916
19082
19170
19235
19246
19250
19527
19567
19600
19655
19665
19691
19975
20143
20164
20169
20285
20357
20448
20569
20615
20619
20660
20681
20686
20749
20795
20837
20863
20929
21103
21144
21146
21159
21178
21198
21211
21242
21311
21402
21425
21566
21586
21623
21627
21858
21904
22098
22207
22275
22284
22346
22350
22391
22467
22583
22586
22641
22671
22724
22737
22743
22776
22810
22862
22931
22935
22945
22983
23020
23034
23067
23101
23121
23144
23149
23181
23197
23209
23250
23260
23305
23313
23351
23533
23558
23564
23590
23677
23698
23713
23714
23849
23874
23877
23920
23932
23952
23966
24080
24154
24308
24338
24341
24371
24399
24431
24487
24523
24625
24651
24665
24677
24728
24764
24771
24793
24815
24850
24875
24890
24972
24977
24981
24983
25087
25098
25101
25117
25153
25233
25235
25246
25287
25344
25356
25376
25377
25379
25387
25450
25479
25482
25517
25534
25535
25608
25658
25687
