1000 2
0.139847 0.742312
0.390938 0.632707
0.806578 0.277761
0.962638 0.007113
0.468361 0.484975
0.395388 0.691726
0.365764 0.706516
0.464927 0.468538
0.289918 0.745881
0.664709 0.304193
0.544004 0.336367
0.525344 0.586996
0.915585 0.198086
0.376751 0.614202
0.834425 0.084418
0.865922 0.071098
0.550033 0.480064
0.460541 0.496260
0.403004 0.620590
0.259351 0.680338
0.539740 0.503619
0.917483 0.102728
0.245070 0.701547
0.653292 0.328533
0.539278 0.333567
0.625313 0.347114
0.065556 0.917371
0.194867 0.672014
0.417905 0.595585
0.331457 0.581364
0.639165 0.362190
0.834858 0.080040
0.780767 0.364477
0.268415 0.611178
0.651993 0.231050
0.901224 0.139646
0.430151 0.442001
0.950999 0.007542
0.712962 0.434782
0.313755 0.831237
0.756912 0.160440
0.147248 0.749001
0.346969 0.791793
0.488393 0.439328
0.573048 0.387369
0.059806 0.897435
0.351377 0.491786
0.176168 0.931101
0.388870 0.697628
0.895130 0.134318
0.398850 0.492346
0.683737 0.402432
0.326368 0.594088
0.924512 0.141927
0.119644 0.840127
0.267209 0.637310
0.301865 0.630827
0.567389 0.519122
0.337067 0.775103
0.472322 0.677940
0.739968 0.225812
0.723289 0.324925
0.589028 0.459746
0.058559 0.911091
0.535088 0.379011
0.506781 0.427762
0.265815 0.684812
0.587112 0.319654
0.466687 0.539346
0.531031 0.511681
0.410642 0.636427
0.467909 0.496385
0.022168 0.991258
0.595010 0.436151
0.372487 0.496505
0.969280 0.190171
0.598709 0.380752
0.510220 0.548583
0.501309 0.499542
0.694510 0.316275
0.358859 0.650609
0.568035 0.346441
0.026963 0.966965
0.405034 0.671384
0.203233 0.885674
0.028557 0.930489
0.958228 0.069828
0.751757 0.116512
0.369961 0.643931
0.936136 0.095728
0.804523 0.119428
0.212524 0.679721
0.651391 0.286564
0.503832 0.687826
0.307524 0.743767
0.657395 0.415033
0.237522 0.654491
0.378955 0.543601
0.492111 0.471727
0.649801 0.391788
0.922251 0.159355
0.945803 0.163007
0.401826 0.571214
0.772961 0.433361
0.971602 0.100177
0.462780 0.689400
0.401231 0.727268
0.305845 0.772567
0.533031 0.552568
0.626560 0.408919
0.536102 0.572214
0.545195 0.492268
0.033034 0.964248
0.644087 0.268634
0.659404 0.293299
0.871981 0.146187
0.691051 0.342698
0.810072 0.194878
0.561990 0.403088
0.532286 0.556747
0.090131 0.901504
0.322052 0.632704
0.703420 0.168223
0.669555 0.282283
0.366775 0.709267
0.270964 0.672236
0.995568 0.056551
0.626033 0.406407
0.449187 0.539664
0.360885 0.533909
0.537511 0.502434
0.445963 0.621453
0.860542 0.079162
0.324697 0.557822
0.675403 0.357402
0.804708 0.162366
0.563003 0.272030
0.540716 0.485478
0.520394 0.429601
0.395141 0.545222
0.044085 0.968807
0.286805 0.699136
0.522157 0.562828
0.354373 0.621568
0.561391 0.478290
0.162312 0.805058
0.755111 0.197977
0.301902 0.666266
0.334890 0.535035
0.149756 0.800278
0.185305 0.751081
0.613134 0.471220
0.687718 0.414728
0.536122 0.443317
0.682401 0.233999
0.461846 0.483140
0.320434 0.779976
0.491000 0.273811
0.532802 0.464063
0.534143 0.314271
0.459945 0.492412
0.316331 0.652985
0.503056 0.502435
0.550472 0.376057
0.499182 0.405677
0.073629 0.929002
0.567328 0.404942
0.177961 0.812062
0.084223 0.992118
0.656410 0.336927
0.505132 0.359866
0.884976 0.218142
0.061261 0.882316
0.383086 0.561569
0.766702 0.263006
0.845895 0.307388
0.221492 0.713836
0.318294 0.600182
0.432425 0.586572
0.321479 0.544217
0.244629 0.652308
0.570341 0.439525
0.849404 0.113040
0.333708 0.827830
0.649628 0.417627
0.420455 0.528359
0.788079 0.113646
0.283258 0.739190
0.903056 0.167513
0.590294 0.507503
0.210879 0.812235
0.111430 0.958122
0.598489 0.591792
0.316711 0.803349
0.908478 0.058844
0.454256 0.509104
0.266080 0.818521
0.263146 0.641939
0.384148 0.543426
0.314300 0.842792
0.620027 0.380847
0.592015 0.383509
0.639270 0.248889
0.754222 0.240257
0.561864 0.551360
0.354131 0.756351
0.128771 0.877124
0.696273 0.313024
0.241346 0.730970
0.700548 0.214066
0.491482 0.503798
0.251879 0.749564
0.619221 0.386331
0.955448 0.012657
0.876851 0.100722
0.662597 0.427535
0.362466 0.648239
0.709425 0.380444
0.712557 0.327663
0.267070 0.727891
0.964000 0.213109
0.401433 0.573322
0.708437 0.353929
0.059119 0.904400
0.399627 0.473384
0.581151 0.318147
0.021715 0.897384
0.362794 0.655701
0.514152 0.533118
0.572986 0.427722
0.498178 0.544302
0.203363 0.821639
0.681979 0.312515
0.699224 0.389341
0.090882 0.866880
0.509396 0.508250
0.492670 0.630380
0.211780 0.797091
0.333856 0.718661
0.350703 0.542668
0.254712 0.777602
0.430119 0.600076
0.432131 0.481187
0.117801 0.850371
0.803650 0.209101
0.748367 0.268397
0.495093 0.410260
0.723832 0.340721
0.197691 0.783528
0.358092 0.716627
0.828685 0.339619
0.272858 0.667964
0.627519 0.471372
0.301691 0.686106
0.852148 0.121841
0.158822 0.907412
0.318013 0.619715
0.615553 0.501397
0.170886 0.847577
0.623457 0.348889
0.350605 0.520176
0.239420 0.763308
0.640060 0.383678
0.833076 0.223168
0.333488 0.695670
0.729637 0.301918
0.311071 0.714706
0.769944 0.324409
0.810530 0.159163
0.777279 0.263857
0.475623 0.570523
0.706047 0.314018
0.766679 0.246757
0.216634 0.727029
0.223496 0.742999
0.931837 0.078709
0.916334 0.210308
0.717184 0.226460
0.435377 0.632249
0.719131 0.245158
0.618327 0.393365
0.252626 0.732783
0.772482 0.277106
0.218160 0.793847
0.992742 0.049117
0.725012 0.272548
0.690869 0.377192
0.718359 0.221638
0.062887 0.929721
0.325443 0.738309
0.519995 0.342339
0.669038 0.386836
0.860657 0.120153
0.068431 0.814939
0.689331 0.257562
0.142475 0.712866
0.339539 0.783560
0.516291 0.499432
0.369349 0.637552
0.395643 0.626296
0.487730 0.380712
0.442796 0.499490
0.741544 0.239214
0.591466 0.419381
0.535982 0.556411
0.427303 0.437766
0.759514 0.258378
0.463439 0.570693
0.161511 0.763772
0.622221 0.193831
0.064741 0.975717
0.147411 0.852431
0.109311 0.934685
0.803743 0.360083
0.553770 0.389167
0.850276 0.104835
0.391235 0.654589
0.819441 0.161954
0.292871 0.754311
0.676133 0.383277
0.287470 0.808974
0.462299 0.676256
0.381177 0.634126
0.096167 0.984527
0.380855 0.624109
0.490814 0.476779
0.941591 0.156339
0.513865 0.424469
0.847011 0.192488
0.365560 0.558920
0.491045 0.471241
0.069679 0.837809
0.339181 0.759920
0.659299 0.375112
0.933201 0.050214
0.908058 0.196029
0.611633 0.405773
0.086602 0.889924
0.404812 0.619613
0.065108 0.838039
0.618473 0.509512
0.852894 0.079501
0.281459 0.737669
0.139256 0.857733
0.755201 0.240997
0.577879 0.550581
0.819884 0.208887
0.569679 0.352522
0.875499 0.088459
0.696613 0.163135
0.538190 0.514885
0.748389 0.336721
0.881330 0.151694
0.999881 0.187860
0.329009 0.672169
0.874519 0.063040
0.128347 0.928564
0.927465 0.148136
0.547738 0.512497
0.586232 0.386746
0.549775 0.539177
0.513112 0.594686
0.428184 0.454181
0.707741 0.114400
0.141331 0.879531
0.382593 0.641159
0.813477 0.232157
0.298274 0.670839
0.938610 0.119438
0.446886 0.427304
0.041722 0.950300
0.243970 0.810677
0.519801 0.491622
0.620116 0.334903
0.339166 0.733580
0.977922 0.036670
0.381216 0.572952
0.429700 0.459696
0.861791 0.163513
0.271653 0.723012
0.371367 0.781447
0.630699 0.319181
0.371303 0.652677
0.549046 0.455554
0.382116 0.509562
0.889491 0.133899
0.200595 0.709814
0.755262 0.223120
0.370911 0.499229
0.098553 0.872570
0.480664 0.422630
0.757997 0.169234
0.344476 0.660319
0.585224 0.473952
0.098204 0.898724
0.687671 0.351056
0.806871 0.070979
0.360548 0.721028
0.584208 0.221434
0.658692 0.431202
0.629525 0.215829
0.361120 0.701023
0.944109 0.024363
0.440673 0.657799
0.300615 0.815238
0.195753 0.862571
0.432381 0.658481
0.393725 0.389840
0.036758 0.846133
0.745645 0.197674
0.707690 0.332328
0.841012 0.326837
0.962365 0.069619
0.756685 0.120537
0.546603 0.434363
0.667846 0.429260
0.160522 0.743695
0.225510 0.702394
0.696581 0.412625
0.375297 0.606778
0.209165 0.926502
0.333362 0.679548
0.435207 0.676394
0.351377 0.819460
0.303346 0.609326
0.422192 0.564251
0.065503 0.900815
0.921409 0.126109
0.292119 0.634568
0.116568 0.748494
0.809470 0.079397
0.491735 0.482255
0.511623 0.429250
0.388049 0.562240
0.908910 0.193718
0.271986 0.815173
0.846231 0.327439
0.284197 0.668004
0.318806 0.562309
0.445707 0.576652
0.615384 0.333855
0.612258 0.349774
0.635233 0.345101
0.288970 0.835402
0.356607 0.685995
0.916198 0.051921
0.591074 0.560753
0.018184 0.948631
0.906818 0.006430
0.552832 0.341355
0.910341 0.240591
0.597143 0.469397
0.731937 0.196727
0.350181 0.649828
0.662587 0.380029
0.337413 0.661260
0.258131 0.722274
0.160501 0.870003
0.080321 0.974904
0.046632 0.956402
0.417447 0.486152
0.516811 0.420721
0.878512 0.096812
0.181968 0.794693
0.422337 0.602064
0.014195 0.934969
0.170951 0.836609
0.684315 0.288226
0.882332 0.261954
0.453735 0.665366
0.706695 0.367456
0.395819 0.635926
0.839004 0.094833
0.615916 0.467050
0.882239 0.183303
0.741862 0.161587
0.043781 0.841536
0.539836 0.632105
0.486163 0.434932
0.694559 0.261025
0.415685 0.412998
0.544656 0.525436
0.172081 0.733079
0.848471 0.210142
0.878681 0.195150
0.498138 0.574056
0.674518 0.312345
0.664840 0.362209
0.271501 0.785298
0.465114 0.578828
0.750838 0.262245
0.440172 0.615240
0.774138 0.376043
0.740982 0.331265
0.533059 0.618966
0.449363 0.663850
0.671525 0.336573
0.829420 0.233562
0.202704 0.694108
0.459441 0.721466
0.503581 0.437400
0.279665 0.816656
0.058270 0.759665
0.400709 0.503856
0.872024 0.264218
0.586935 0.427752
0.339365 0.780600
0.637309 0.310022
0.566248 0.215738
0.816422 0.250729
0.918658 0.104375
0.468888 0.758975
0.704619 0.276392
0.539660 0.582009
0.796332 0.163136
0.696166 0.267016
0.489983 0.514003
0.761889 0.301801
0.553777 0.638068
0.561060 0.419262
0.754258 0.219285
0.613094 0.402584
0.715082 0.240120
0.402499 0.607894
0.314652 0.749063
0.257605 0.634363
0.237411 0.645320
0.203766 0.844489
0.227831 0.745266
0.617896 0.581064
0.398694 0.552952
0.682022 0.236235
0.491431 0.517767
0.043370 0.960544
0.210397 0.848583
0.010137 0.913132
0.560138 0.445339
0.493882 0.375490
0.340070 0.679267
0.823906 0.144275
0.514041 0.469271
0.407078 0.502331
0.051701 0.865198
0.546260 0.440188
0.381412 0.462187
0.175170 0.819432
0.946842 0.003567
0.618498 0.494358
0.827927 0.009911
0.890372 0.150614
0.375661 0.599506
0.711992 0.284219
0.207814 0.790565
0.709135 0.359604
0.901076 0.055774
0.396105 0.559481
0.542642 0.282706
0.471734 0.515765
0.220977 0.937561
0.597878 0.403108
0.808632 0.149587
0.652800 0.338026
0.441140 0.563023
0.466060 0.726254
0.524832 0.411959
0.398216 0.586188
0.710326 0.270574
0.262902 0.801397
0.531531 0.402854
0.506603 0.498243
0.118478 0.921567
0.005764 0.949574
0.245470 0.613226
0.942119 0.166658
0.831955 0.189897
0.113212 0.755919
0.803401 0.138511
0.651518 0.317974
0.574424 0.514844
0.561740 0.392783
0.607978 0.344640
0.337313 0.653416
0.689894 0.226028
0.676115 0.431790
0.141034 0.812726
0.502280 0.395960
0.720026 0.267159
0.562496 0.355769
0.552913 0.391009
0.419385 0.516555
0.156647 0.732487
0.819123 0.220861
0.082675 0.869207
0.780596 0.202363
0.395589 0.588356
0.859998 0.027769
0.572318 0.601879
0.393677 0.550253
0.333598 0.707616
0.189433 0.898677
0.495238 0.424430
0.487608 0.630840
0.070749 0.991540
0.097760 0.909111
0.476244 0.555329
0.329577 0.617847
0.259337 0.729512
0.418841 0.705077
0.528566 0.435696
0.897266 0.146088
0.866707 0.276746
0.336843 0.544121
0.452963 0.517379
0.606461 0.402213
0.407481 0.524684
0.846656 0.125572
0.317911 0.585578
0.829711 0.336491
0.886231 0.154999
0.666841 0.303983
0.259031 0.694330
0.407324 0.552246
0.801037 0.207523
0.440923 0.658811
0.584963 0.501391
0.335600 0.804857
0.737361 0.370731
0.860637 0.272167
0.843960 0.070805
0.421841 0.679786
0.657756 0.457301
0.408359 0.516607
0.179125 0.873057
0.421143 0.504883
0.486984 0.544833
0.746039 0.412945
0.394683 0.625907
0.599186 0.420837
0.411080 0.433937
0.855982 0.172577
0.336348 0.592070
0.185136 0.690250
0.497959 0.480056
0.437715 0.489684
0.831192 0.192898
0.406887 0.600457
0.049959 0.997359
0.282349 0.680327
0.873153 0.144860
0.279434 0.583803
0.378940 0.597529
0.994744 0.030883
0.987812 0.101020
0.184105 0.911285
0.195330 0.878679
0.040381 0.894340
0.520369 0.486605
0.508240 0.563091
0.351969 0.581738
0.822768 0.054971
0.707920 0.296535
0.117484 0.907151
0.746717 0.447391
0.119857 0.845509
0.000449 0.933878
0.855370 0.027272
0.176746 0.866892
0.483066 0.488113
0.529504 0.419102
0.224014 0.781310
0.942462 0.045096
0.715211 0.279539
0.502749 0.503293
0.283073 0.813300
0.656542 0.339112
0.782927 0.319203
0.519007 0.516963
0.885044 0.053742
0.399507 0.626071
0.431933 0.564929
0.602645 0.428493
0.274998 0.689544
0.448650 0.497805
0.124399 0.992786
0.051407 0.980509
0.361845 0.666262
0.698750 0.349386
0.630474 0.168850
0.465401 0.526603
0.865653 0.164775
0.502345 0.380949
0.172462 0.812034
0.688505 0.330812
0.488747 0.558006
0.711297 0.146579
0.401953 0.624466
0.771596 0.257714
0.132857 0.763545
0.669739 0.492881
0.496256 0.377423
0.074953 0.966443
0.177593 0.684102
0.618292 0.413136
0.711084 0.328070
0.597238 0.429392
0.537603 0.352825
0.443617 0.539784
0.414873 0.563083
0.211145 0.843141
0.506728 0.588935
0.171808 0.915290
0.434858 0.586375
0.293498 0.592108
0.566734 0.318732
0.259260 0.832494
0.316132 0.704576
0.515696 0.510021
0.372637 0.674789
0.539307 0.350461
0.374027 0.644411
0.363920 0.620849
0.011490 0.845842
0.676563 0.285300
0.172356 0.662951
0.374908 0.574673
0.068580 0.818710
0.682149 0.327175
0.477565 0.479688
0.651478 0.521741
0.899210 0.010724
0.109680 0.914617
0.640708 0.382579
0.406251 0.774643
0.418320 0.619693
0.992414 0.033963
0.921267 0.035890
0.829984 0.141844
0.358801 0.688800
0.050691 0.921188
0.886028 0.233996
0.415975 0.609516
0.325382 0.633664
0.864689 0.371521
0.124580 0.823967
0.376337 0.599892
0.389055 0.504307
0.471734 0.546709
0.484066 0.527336
0.657553 0.208947
0.087934 0.957823
0.435502 0.514626
0.587558 0.633725
0.375792 0.615054
0.365314 0.516596
0.015362 0.973711
0.188930 0.740727
0.261086 0.682420
0.279263 0.658371
0.734734 0.250175
0.194807 0.763299
0.578067 0.383392
0.561696 0.603809
0.680457 0.259250
0.674684 0.308811
0.810847 0.037844
0.877790 0.154334
0.466317 0.503879
0.975371 0.046161
0.316183 0.617375
0.476197 0.558505
0.468801 0.580264
0.065109 0.852935
0.478371 0.404670
0.257594 0.607920
0.230073 0.687641
0.740855 0.277246
0.654340 0.264190
0.380154 0.776280
0.500173 0.515685
0.617704 0.321768
0.346392 0.580988
0.248764 0.810846
0.032288 0.836498
0.172925 0.782792
0.359254 0.629968
0.838792 0.089976
0.837033 0.309777
0.291148 0.661992
0.154413 0.807334
0.537378 0.582708
0.854261 0.245220
0.477692 0.565225
0.529940 0.373805
0.682110 0.314349
0.532794 0.466228
0.429832 0.652103
0.447894 0.512377
0.797242 0.443740
0.260058 0.680928
0.878068 0.149738
0.661845 0.361881
0.659338 0.255674
0.658743 0.380195
0.532528 0.588507
0.612840 0.487974
0.505893 0.435883
0.447698 0.656383
0.225334 0.792144
0.989729 0.111460
0.147287 0.836838
0.007805 0.983027
0.636082 0.375461
0.348889 0.719151
0.579598 0.326791
0.403407 0.633248
0.438388 0.625211
0.220836 0.709601
0.911790 0.156006
0.872575 0.098389
0.462243 0.586235
0.795659 0.332797
0.745485 0.234568
0.390594 0.741285
0.139082 0.926656
0.550702 0.499595
0.270172 0.829546
0.767457 0.228555
0.294664 0.659567
0.523878 0.361249
0.757867 0.116089
0.696600 0.182976
0.829389 0.218335
0.765968 0.219276
0.352153 0.654331
0.809459 0.172543
0.588661 0.361693
0.884954 0.224138
0.745307 0.058062
0.413185 0.725063
0.366900 0.804228
0.887745 0.045094
0.832377 0.223930
0.534903 0.354681
0.935988 0.024020
0.775580 0.100459
0.039235 0.795907
0.625223 0.431386
0.684731 0.432663
0.823759 0.217746
0.937175 0.026668
0.329579 0.783368
0.899204 0.149919
0.136478 0.841689
0.529607 0.547314
0.500184 0.658794
0.322148 0.765994
0.549037 0.452161
0.761948 0.324489
0.701090 0.183292
0.500718 0.475269
0.766118 0.231134
0.329811 0.634222
0.537698 0.477874
0.462712 0.615649
0.251272 0.650810
0.980381 0.200633
0.447629 0.712362
0.295815 0.642615
0.622806 0.290815
0.632782 0.383355
0.721106 0.265205
0.971590 0.088629
0.052839 0.984912
0.883858 0.151646
0.746806 0.227751
0.285930 0.754167
0.206563 0.762257
0.300833 0.626185
0.791163 0.319864
0.450375 0.660879
0.860018 0.202826
0.409385 0.425183
0.238352 0.661076
0.454469 0.459334
0.332644 0.711269
0.581670 0.520625
0.050084 0.930385
0.433718 0.712934
0.468074 0.520554
0.575193 0.434245
0.581301 0.589916
0.114015 0.879145
0.385021 0.563954
0.528976 0.465643
0.678877 0.351948
0.696159 0.253454
0.393715 0.588201
0.745721 0.330652
0.466283 0.402556
0.109350 0.921061
0.071178 0.809071
0.558130 0.479953
0.725876 0.130091
0.646590 0.324473
0.514940 0.431080
0.504959 0.520519
0.321568 0.621389
0.840073 0.087459
0.291370 0.653037
0.708078 0.284325
0.132727 0.962690
0.762465 0.278020
0.773749 0.272117
0.369715 0.541081
0.075841 0.926793
0.365358 0.658033
0.756217 0.271315
0.252133 0.757949
0.884699 0.074085
0.567067 0.661599
0.269527 0.732923
0.597421 0.202628
0.742260 0.349476
0.557581 0.542028
0.649297 0.246068
0.252887 0.694796
0.288211 0.608966
0.773140 0.242654
0.828319 0.084975
0.676169 0.302915
0.557815 0.394878
0.588365 0.485658
0.580845 0.583581
0.375176 0.656689
0.719102 0.291584
0.848576 0.081904
0.664722 0.475324
0.348340 0.607297
0.474398 0.626496
0.516610 0.383650
0.232048 0.756710
0.443401 0.521526
0.638362 0.270062
0.206073 0.914651
0.743134 0.161081
0.466921 0.491104
0.340900 0.706739
0.668474 0.437271
0.534713 0.474233
0.020880 0.949611
0.592164 0.512682
0.284259 0.630796
0.467119 0.542906
0.503653 0.459901
0.819347 0.239620
0.445778 0.600931
0.073508 0.827650
0.221279 0.787824
0.384536 0.544979
0.821942 0.218227
0.477235 0.419094
0.548642 0.621957
0.433271 0.555017
0.360612 0.671750
0.498218 0.318603
0.352668 0.556950
0.625725 0.401801
0.703665 0.295768
0.542474 0.636993
0.784051 0.273402
0.514513 0.533142
0.137861 0.875247
0.478085 0.587265
0.260489 0.807855
0.416658 0.690190
0.928349 0.080550
0.253950 0.598701
0.856103 0.221880
0.506591 0.442705
0.424822 0.677571
0.684633 0.334097
0.412099 0.559245
0.736186 0.165976
0.492325 0.434622
0.793044 0.213590
0.272013 0.830271
0.463153 0.605144
0.108690 0.812256
0.443056 0.572133
0.597640 0.314019
0.494420 0.484619
0.388710 0.742615
0.679139 0.341938
0.263604 0.697152
0.462316 0.570046
0.310234 0.649301
0.163935 0.736469
0.391094 0.526042
0.832284 0.271475
0.930892 0.122500