5000 2
0.139847 0.742312
0.390938 0.632707
0.806578 0.277761
0.962638 0.007113
0.468361 0.484975
0.395388 0.691726
0.365764 0.706516
0.464927 0.468538
0.289918 0.745881
0.664709 0.304193
0.544004 0.336367
0.525344 0.586996
0.915585 0.198086
0.376751 0.614202
0.834425 0.084418
0.865922 0.071098
0.550033 0.480064
0.460541 0.496260
0.403004 0.620590
0.259351 0.680338
0.539740 0.503619
0.917483 0.102728
0.245070 0.701547
0.653292 0.328533
0.539278 0.333567
0.625313 0.347114
0.065556 0.917371
0.194867 0.672014
0.417905 0.595585
0.331457 0.581364
0.639165 0.362190
0.834858 0.080040
0.780767 0.364477
0.268415 0.611178
0.651993 0.231050
0.901224 0.139646
0.430151 0.442001
0.950999 0.007542
0.712962 0.434782
0.313755 0.831237
0.756912 0.160440
0.147248 0.749001
0.346969 0.791793
0.488393 0.439328
0.573048 0.387369
0.059806 0.897435
0.351377 0.491786
0.176168 0.931101
0.388870 0.697628
0.895130 0.134318
0.398850 0.492346
0.683737 0.402432
0.326368 0.594088
0.924512 0.141927
0.119644 0.840127
0.267209 0.637310
0.301865 0.630827
0.567389 0.519122
0.337067 0.775103
0.472322 0.677940
0.739968 0.225812
0.723289 0.324925
0.589028 0.459746
0.058559 0.911091
0.535088 0.379011
0.506781 0.427762
0.265815 0.684812
0.587112 0.319654
0.466687 0.539346
0.531031 0.511681
0.410642 0.636427
0.467909 0.496385
0.022168 0.991258
0.595010 0.436151
0.372487 0.496505
0.969280 0.190171
0.598709 0.380752
0.510220 0.548583
0.501309 0.499542
0.694510 0.316275
0.358859 0.650609
0.568035 0.346441
0.026963 0.966965
0.405034 0.671384
0.203233 0.885674
0.028557 0.930489
0.958228 0.069828
0.751757 0.116512
0.369961 0.643931
0.936136 0.095728
0.804523 0.119428
0.212524 0.679721
0.651391 0.286564
0.503832 0.687826
0.307524 0.743767
0.657395 0.415033
0.237522 0.654491
0.378955 0.543601
0.492111 0.471727
0.649801 0.391788
0.922251 0.159355
0.945803 0.163007
0.401826 0.571214
0.772961 0.433361
0.971602 0.100177
0.462780 0.689400
0.401231 0.727268
0.305845 0.772567
0.533031 0.552568
0.626560 0.408919
0.536102 0.572214
0.545195 0.492268
0.033034 0.964248
0.644087 0.268634
0.659404 0.293299
0.871981 0.146187
0.691051 0.342698
0.810072 0.194878
0.561990 0.403088
0.532286 0.556747
0.090131 0.901504
0.322052 0.632704
0.703420 0.168223
0.669555 0.282283
0.366775 0.709267
0.270964 0.672236
0.995568 0.056551
0.626033 0.406407
0.449187 0.539664
0.360885 0.533909
0.537511 0.502434
0.445963 0.621453
0.860542 0.079162
0.324697 0.557822
0.675403 0.357402
0.804708 0.162366
0.563003 0.272030
0.540716 0.485478
0.520394 0.429601
0.395141 0.545222
0.044085 0.968807
0.286805 0.699136
0.522157 0.562828
0.354373 0.621568
0.561391 0.478290
0.162312 0.805058
0.755111 0.197977
0.301902 0.666266
0.334890 0.535035
0.149756 0.800278
0.185305 0.751081
0.613134 0.471220
0.687718 0.414728
0.536122 0.443317
0.682401 0.233999
0.461846 0.483140
0.320434 0.779976
0.491000 0.273811
0.532802 0.464063
0.534143 0.314271
0.459945 0.492412
0.316331 0.652985
0.503056 0.502435
0.550472 0.376057
0.499182 0.405677
0.073629 0.929002
0.567328 0.404942
0.177961 0.812062
0.084223 0.992118
0.656410 0.336927
0.505132 0.359866
0.884976 0.218142
0.061261 0.882316
0.383086 0.561569
0.766702 0.263006
0.845895 0.307388
0.221492 0.713836
0.318294 0.600182
0.432425 0.586572
0.321479 0.544217
0.244629 0.652308
0.570341 0.439525
0.849404 0.113040
0.333708 0.827830
0.649628 0.417627
0.420455 0.528359
0.788079 0.113646
0.283258 0.739190
0.903056 0.167513
0.590294 0.507503
0.210879 0.812235
0.111430 0.958122
0.598489 0.591792
0.316711 0.803349
0.908478 0.058844
0.454256 0.509104
0.266080 0.818521
0.263146 0.641939
0.384148 0.543426
0.314300 0.842792
0.620027 0.380847
0.592015 0.383509
0.639270 0.248889
0.754222 0.240257
0.561864 0.551360
0.354131 0.756351
0.128771 0.877124
0.696273 0.313024
0.241346 0.730970
0.700548 0.214066
0.491482 0.503798
0.251879 0.749564
0.619221 0.386331
0.955448 0.012657
0.876851 0.100722
0.662597 0.427535
0.362466 0.648239
0.709425 0.380444
0.712557 0.327663
0.267070 0.727891
0.964000 0.213109
0.401433 0.573322
0.708437 0.353929
0.059119 0.904400
0.399627 0.473384
0.581151 0.318147
0.021715 0.897384
0.362794 0.655701
0.514152 0.533118
0.572986 0.427722
0.498178 0.544302
0.203363 0.821639
0.681979 0.312515
0.699224 0.389341
0.090882 0.866880
0.509396 0.508250
0.492670 0.630380
0.211780 0.797091
0.333856 0.718661
0.350703 0.542668
0.254712 0.777602
0.430119 0.600076
0.432131 0.481187
0.117801 0.850371
0.803650 0.209101
0.748367 0.268397
0.495093 0.410260
0.723832 0.340721
0.197691 0.783528
0.358092 0.716627
0.828685 0.339619
0.272858 0.667964
0.627519 0.471372
0.301691 0.686106
0.852148 0.121841
0.158822 0.907412
0.318013 0.619715
0.615553 0.501397
0.170886 0.847577
0.623457 0.348889
0.350605 0.520176
0.239420 0.763308
0.640060 0.383678
0.833076 0.223168
0.333488 0.695670
0.729637 0.301918
0.311071 0.714706
0.769944 0.324409
0.810530 0.159163
0.777279 0.263857
0.475623 0.570523
0.706047 0.314018
0.766679 0.246757
0.216634 0.727029
0.223496 0.742999
0.931837 0.078709
0.916334 0.210308
0.717184 0.226460
0.435377 0.632249
0.719131 0.245158
0.618327 0.393365
0.252626 0.732783
0.772482 0.277106
0.218160 0.793847
0.992742 0.049117
0.725012 0.272548
0.690869 0.377192
0.718359 0.221638
0.062887 0.929721
0.325443 0.738309
0.519995 0.342339
0.669038 0.386836
0.860657 0.120153
0.068431 0.814939
0.689331 0.257562
0.142475 0.712866
0.339539 0.783560
0.516291 0.499432
0.369349 0.637552
0.395643 0.626296
0.487730 0.380712
0.442796 0.499490
0.741544 0.239214
0.591466 0.419381
0.535982 0.556411
0.427303 0.437766
0.759514 0.258378
0.463439 0.570693
0.161511 0.763772
0.622221 0.193831
0.064741 0.975717
0.147411 0.852431
0.109311 0.934685
0.803743 0.360083
0.553770 0.389167
0.850276 0.104835
0.391235 0.654589
0.819441 0.161954
0.292871 0.754311
0.676133 0.383277
0.287470 0.808974
0.462299 0.676256
0.381177 0.634126
0.096167 0.984527
0.380855 0.624109
0.490814 0.476779
0.941591 0.156339
0.513865 0.424469
0.847011 0.192488
0.365560 0.558920
0.491045 0.471241
0.069679 0.837809
0.339181 0.759920
0.659299 0.375112
0.933201 0.050214
0.908058 0.196029
0.611633 0.405773
0.086602 0.889924
0.404812 0.619613
0.065108 0.838039
0.618473 0.509512
0.852894 0.079501
0.281459 0.737669
0.139256 0.857733
0.755201 0.240997
0.577879 0.550581
0.819884 0.208887
0.569679 0.352522
0.875499 0.088459
0.696613 0.163135
0.538190 0.514885
0.748389 0.336721
0.881330 0.151694
0.999881 0.187860
0.329009 0.672169
0.874519 0.063040
0.128347 0.928564
0.927465 0.148136
0.547738 0.512497
0.586232 0.386746
0.549775 0.539177
0.513112 0.594686
0.428184 0.454181
0.707741 0.114400
0.141331 0.879531
0.382593 0.641159
0.813477 0.232157
0.298274 0.670839
0.938610 0.119438
0.446886 0.427304
0.041722 0.950300
0.243970 0.810677
0.519801 0.491622
0.620116 0.334903
0.339166 0.733580
0.977922 0.036670
0.381216 0.572952
0.429700 0.459696
0.861791 0.163513
0.271653 0.723012
0.371367 0.781447
0.630699 0.319181
0.371303 0.652677
0.549046 0.455554
0.382116 0.509562
0.889491 0.133899
0.200595 0.709814
0.755262 0.223120
0.370911 0.499229
0.098553 0.872570
0.480664 0.422630
0.757997 0.169234
0.344476 0.660319
0.585224 0.473952
0.098204 0.898724
0.687671 0.351056
0.806871 0.070979
0.360548 0.721028
0.584208 0.221434
0.658692 0.431202
0.629525 0.215829
0.361120 0.701023
0.944109 0.024363
0.440673 0.657799
0.300615 0.815238
0.195753 0.862571
0.432381 0.658481
0.393725 0.389840
0.036758 0.846133
0.745645 0.197674
0.707690 0.332328
0.841012 0.326837
0.962365 0.069619
0.756685 0.120537
0.546603 0.434363
0.667846 0.429260
0.160522 0.743695
0.225510 0.702394
0.696581 0.412625
0.375297 0.606778
0.209165 0.926502
0.333362 0.679548
0.435207 0.676394
0.351377 0.819460
0.303346 0.609326
0.422192 0.564251
0.065503 0.900815
0.921409 0.126109
0.292119 0.634568
0.116568 0.748494
0.809470 0.079397
0.491735 0.482255
0.511623 0.429250
0.388049 0.562240
0.908910 0.193718
0.271986 0.815173
0.846231 0.327439
0.284197 0.668004
0.318806 0.562309
0.445707 0.576652
0.615384 0.333855
0.612258 0.349774
0.635233 0.345101
0.288970 0.835402
0.356607 0.685995
0.916198 0.051921
0.591074 0.560753
0.018184 0.948631
0.906818 0.006430
0.552832 0.341355
0.910341 0.240591
0.597143 0.469397
0.731937 0.196727
0.350181 0.649828
0.662587 0.380029
0.337413 0.661260
0.258131 0.722274
0.160501 0.870003
0.080321 0.974904
0.046632 0.956402
0.417447 0.486152
0.516811 0.420721
0.878512 0.096812
0.181968 0.794693
0.422337 0.602064
0.014195 0.934969
0.170951 0.836609
0.684315 0.288226
0.882332 0.261954
0.453735 0.665366
0.706695 0.367456
0.395819 0.635926
0.839004 0.094833
0.615916 0.467050
0.882239 0.183303
0.741862 0.161587
0.043781 0.841536
0.539836 0.632105
0.486163 0.434932
0.694559 0.261025
0.415685 0.412998
0.544656 0.525436
0.172081 0.733079
0.848471 0.210142
0.878681 0.195150
0.498138 0.574056
0.674518 0.312345
0.664840 0.362209
0.271501 0.785298
0.465114 0.578828
0.750838 0.262245
0.440172 0.615240
0.774138 0.376043
0.740982 0.331265
0.533059 0.618966
0.449363 0.663850
0.671525 0.336573
0.829420 0.233562
0.202704 0.694108
0.459441 0.721466
0.503581 0.437400
0.279665 0.816656
0.058270 0.759665
0.400709 0.503856
0.872024 0.264218
0.586935 0.427752
0.339365 0.780600
0.637309 0.310022
0.566248 0.215738
0.816422 0.250729
0.918658 0.104375
0.468888 0.758975
0.704619 0.276392
0.539660 0.582009
0.796332 0.163136
0.696166 0.267016
0.489983 0.514003
0.761889 0.301801
0.553777 0.638068
0.561060 0.419262
0.754258 0.219285
0.613094 0.402584
0.715082 0.240120
0.402499 0.607894
0.314652 0.749063
0.257605 0.634363
0.237411 0.645320
0.203766 0.844489
0.227831 0.745266
0.617896 0.581064
0.398694 0.552952
0.682022 0.236235
0.491431 0.517767
0.043370 0.960544
0.210397 0.848583
0.010137 0.913132
0.560138 0.445339
0.493882 0.375490
0.340070 0.679267
0.823906 0.144275
0.514041 0.469271
0.407078 0.502331
0.051701 0.865198
0.546260 0.440188
0.381412 0.462187
0.175170 0.819432
0.946842 0.003567
0.618498 0.494358
0.827927 0.009911
0.890372 0.150614
0.375661 0.599506
0.711992 0.284219
0.207814 0.790565
0.709135 0.359604
0.901076 0.055774
0.396105 0.559481
0.542642 0.282706
0.471734 0.515765
0.220977 0.937561
0.597878 0.403108
0.808632 0.149587
0.652800 0.338026
0.441140 0.563023
0.466060 0.726254
0.524832 0.411959
0.398216 0.586188
0.710326 0.270574
0.262902 0.801397
0.531531 0.402854
0.506603 0.498243
0.118478 0.921567
0.005764 0.949574
0.245470 0.613226
0.942119 0.166658
0.831955 0.189897
0.113212 0.755919
0.803401 0.138511
0.651518 0.317974
0.574424 0.514844
0.561740 0.392783
0.607978 0.344640
0.337313 0.653416
0.689894 0.226028
0.676115 0.431790
0.141034 0.812726
0.502280 0.395960
0.720026 0.267159
0.562496 0.355769
0.552913 0.391009
0.419385 0.516555
0.156647 0.732487
0.819123 0.220861
0.082675 0.869207
0.780596 0.202363
0.395589 0.588356
0.859998 0.027769
0.572318 0.601879
0.393677 0.550253
0.333598 0.707616
0.189433 0.898677
0.495238 0.424430
0.487608 0.630840
0.070749 0.991540
0.097760 0.909111
0.476244 0.555329
0.329577 0.617847
0.259337 0.729512
0.418841 0.705077
0.528566 0.435696
0.897266 0.146088
0.866707 0.276746
0.336843 0.544121
0.452963 0.517379
0.606461 0.402213
0.407481 0.524684
0.846656 0.125572
0.317911 0.585578
0.829711 0.336491
0.886231 0.154999
0.666841 0.303983
0.259031 0.694330
0.407324 0.552246
0.801037 0.207523
0.440923 0.658811
0.584963 0.501391
0.335600 0.804857
0.737361 0.370731
0.860637 0.272167
0.843960 0.070805
0.421841 0.679786
0.657756 0.457301
0.408359 0.516607
0.179125 0.873057
0.421143 0.504883
0.486984 0.544833
0.746039 0.412945
0.394683 0.625907
0.599186 0.420837
0.411080 0.433937
0.855982 0.172577
0.336348 0.592070
0.185136 0.690250
0.497959 0.480056
0.437715 0.489684
0.831192 0.192898
0.406887 0.600457
0.049959 0.997359
0.282349 0.680327
0.873153 0.144860
0.279434 0.583803
0.378940 0.597529
0.994744 0.030883
0.987812 0.101020
0.184105 0.911285
0.195330 0.878679
0.040381 0.894340
0.520369 0.486605
0.508240 0.563091
0.351969 0.581738
0.822768 0.054971
0.707920 0.296535
0.117484 0.907151
0.746717 0.447391
0.119857 0.845509
0.000449 0.933878
0.855370 0.027272
0.176746 0.866892
0.483066 0.488113
0.529504 0.419102
0.224014 0.781310
0.942462 0.045096
0.715211 0.279539
0.502749 0.503293
0.283073 0.813300
0.656542 0.339112
0.782927 0.319203
0.519007 0.516963
0.885044 0.053742
0.399507 0.626071
0.431933 0.564929
0.602645 0.428493
0.274998 0.689544
0.448650 0.497805
0.124399 0.992786
0.051407 0.980509
0.361845 0.666262
0.698750 0.349386
0.630474 0.168850
0.465401 0.526603
0.865653 0.164775
0.502345 0.380949
0.172462 0.812034
0.688505 0.330812
0.488747 0.558006
0.711297 0.146579
0.401953 0.624466
0.771596 0.257714
0.132857 0.763545
0.669739 0.492881
0.496256 0.377423
0.074953 0.966443
0.177593 0.684102
0.618292 0.413136
0.711084 0.328070
0.597238 0.429392
0.537603 0.352825
0.443617 0.539784
0.414873 0.563083
0.211145 0.843141
0.506728 0.588935
0.171808 0.915290
0.434858 0.586375
0.293498 0.592108
0.566734 0.318732
0.259260 0.832494
0.316132 0.704576
0.515696 0.510021
0.372637 0.674789
0.539307 0.350461
0.374027 0.644411
0.363920 0.620849
0.011490 0.845842
0.676563 0.285300
0.172356 0.662951
0.374908 0.574673
0.068580 0.818710
0.682149 0.327175
0.477565 0.479688
0.651478 0.521741
0.899210 0.010724
0.109680 0.914617
0.640708 0.382579
0.406251 0.774643
0.418320 0.619693
0.992414 0.033963
0.921267 0.035890
0.829984 0.141844
0.358801 0.688800
0.050691 0.921188
0.886028 0.233996
0.415975 0.609516
0.325382 0.633664
0.864689 0.371521
0.124580 0.823967
0.376337 0.599892
0.389055 0.504307
0.471734 0.546709
0.484066 0.527336
0.657553 0.208947
0.087934 0.957823
0.435502 0.514626
0.587558 0.633725
0.375792 0.615054
0.365314 0.516596
0.015362 0.973711
0.188930 0.740727
0.261086 0.682420
0.279263 0.658371
0.734734 0.250175
0.194807 0.763299
0.578067 0.383392
0.561696 0.603809
0.680457 0.259250
0.674684 0.308811
0.810847 0.037844
0.877790 0.154334
0.466317 0.503879
0.975371 0.046161
0.316183 0.617375
0.476197 0.558505
0.468801 0.580264
0.065109 0.852935
0.478371 0.404670
0.257594 0.607920
0.230073 0.687641
0.740855 0.277246
0.654340 0.264190
0.380154 0.776280
0.500173 0.515685
0.617704 0.321768
0.346392 0.580988
0.248764 0.810846
0.032288 0.836498
0.172925 0.782792
0.359254 0.629968
0.838792 0.089976
0.837033 0.309777
0.291148 0.661992
0.154413 0.807334
0.537378 0.582708
0.854261 0.245220
0.477692 0.565225
0.529940 0.373805
0.682110 0.314349
0.532794 0.466228
0.429832 0.652103
0.447894 0.512377
0.797242 0.443740
0.260058 0.680928
0.878068 0.149738
0.661845 0.361881
0.659338 0.255674
0.658743 0.380195
0.532528 0.588507
0.612840 0.487974
0.505893 0.435883
0.447698 0.656383
0.225334 0.792144
0.989729 0.111460
0.147287 0.836838
0.007805 0.983027
0.636082 0.375461
0.348889 0.719151
0.579598 0.326791
0.403407 0.633248
0.438388 0.625211
0.220836 0.709601
0.911790 0.156006
0.872575 0.098389
0.462243 0.586235
0.795659 0.332797
0.745485 0.234568
0.390594 0.741285
0.139082 0.926656
0.550702 0.499595
0.270172 0.829546
0.767457 0.228555
0.294664 0.659567
0.523878 0.361249
0.757867 0.116089
0.696600 0.182976
0.829389 0.218335
0.765968 0.219276
0.352153 0.654331
0.809459 0.172543
0.588661 0.361693
0.884954 0.224138
0.745307 0.058062
0.413185 0.725063
0.366900 0.804228
0.887745 0.045094
0.832377 0.223930
0.534903 0.354681
0.935988 0.024020
0.775580 0.100459
0.039235 0.795907
0.625223 0.431386
0.684731 0.432663
0.823759 0.217746
0.937175 0.026668
0.329579 0.783368
0.899204 0.149919
0.136478 0.841689
0.529607 0.547314
0.500184 0.658794
0.322148 0.765994
0.549037 0.452161
0.761948 0.324489
0.701090 0.183292
0.500718 0.475269
0.766118 0.231134
0.329811 0.634222
0.537698 0.477874
0.462712 0.615649
0.251272 0.650810
0.980381 0.200633
0.447629 0.712362
0.295815 0.642615
0.622806 0.290815
0.632782 0.383355
0.721106 0.265205
0.971590 0.088629
0.052839 0.984912
0.883858 0.151646
0.746806 0.227751
0.285930 0.754167
0.206563 0.762257
0.300833 0.626185
0.791163 0.319864
0.450375 0.660879
0.860018 0.202826
0.409385 0.425183
0.238352 0.661076
0.454469 0.459334
0.332644 0.711269
0.581670 0.520625
0.050084 0.930385
0.433718 0.712934
0.468074 0.520554
0.575193 0.434245
0.581301 0.589916
0.114015 0.879145
0.385021 0.563954
0.528976 0.465643
0.678877 0.351948
0.696159 0.253454
0.393715 0.588201
0.745721 0.330652
0.466283 0.402556
0.109350 0.921061
0.071178 0.809071
0.558130 0.479953
0.725876 0.130091
0.646590 0.324473
0.514940 0.431080
0.504959 0.520519
0.321568 0.621389
0.840073 0.087459
0.291370 0.653037
0.708078 0.284325
0.132727 0.962690
0.762465 0.278020
0.773749 0.272117
0.369715 0.541081
0.075841 0.926793
0.365358 0.658033
0.756217 0.271315
0.252133 0.757949
0.884699 0.074085
0.567067 0.661599
0.269527 0.732923
0.597421 0.202628
0.742260 0.349476
0.557581 0.542028
0.649297 0.246068
0.252887 0.694796
0.288211 0.608966
0.773140 0.242654
0.828319 0.084975
0.676169 0.302915
0.557815 0.394878
0.588365 0.485658
0.580845 0.583581
0.375176 0.656689
0.719102 0.291584
0.848576 0.081904
0.664722 0.475324
0.348340 0.607297
0.474398 0.626496
0.516610 0.383650
0.232048 0.756710
0.443401 0.521526
0.638362 0.270062
0.206073 0.914651
0.743134 0.161081
0.466921 0.491104
0.340900 0.706739
0.668474 0.437271
0.534713 0.474233
0.020880 0.949611
0.592164 0.512682
0.284259 0.630796
0.467119 0.542906
0.503653 0.459901
0.819347 0.239620
0.445778 0.600931
0.073508 0.827650
0.221279 0.787824
0.384536 0.544979
0.821942 0.218227
0.477235 0.419094
0.548642 0.621957
0.433271 0.555017
0.360612 0.671750
0.498218 0.318603
0.352668 0.556950
0.625725 0.401801
0.703665 0.295768
0.542474 0.636993
0.784051 0.273402
0.514513 0.533142
0.137861 0.875247
0.478085 0.587265
0.260489 0.807855
0.416658 0.690190
0.928349 0.080550
0.253950 0.598701
0.856103 0.221880
0.506591 0.442705
0.424822 0.677571
0.684633 0.334097
0.412099 0.559245
0.736186 0.165976
0.492325 0.434622
0.793044 0.213590
0.272013 0.830271
0.463153 0.605144
0.108690 0.812256
0.443056 0.572133
0.597640 0.314019
0.494420 0.484619
0.388710 0.742615
0.679139 0.341938
0.263604 0.697152
0.462316 0.570046
0.310234 0.649301
0.163935 0.736469
0.391094 0.526042
0.832284 0.271475
0.930892 0.122500
0.418040 0.516944
0.076454 0.736026
0.804269 0.268333
0.342147 0.526630
0.157652 0.744955
0.795273 0.222910
0.823417 0.156481
0.256979 0.827406
0.273246 0.820135
0.279106 0.832786
0.096787 0.967497
0.719897 0.331849
0.237238 0.723513
0.454338 0.335465
0.717285 0.263201
0.424261 0.590737
0.745454 0.235295
0.701862 0.228376
0.829250 0.097437
0.020995 0.802017
0.000353 0.941524
0.464517 0.600152
0.914172 0.102631
0.482736 0.451189
0.578736 0.366559
0.560468 0.489314
0.319402 0.668079
0.665166 0.394380
0.239930 0.767926
0.429839 0.596288
0.459404 0.638629
0.635841 0.369940
0.083709 0.893965
0.369686 0.707244
0.529487 0.358981
0.332914 0.769181
0.533013 0.561674
0.260783 0.796910
0.012079 0.991962
0.566194 0.488491
0.458158 0.539284
0.648141 0.393628
0.285513 0.677562
0.097533 0.886534
0.366425 0.583129
0.724423 0.237136
0.652806 0.418406
0.365631 0.651505
0.216798 0.780523
0.862825 0.209710
0.491497 0.519425
0.439543 0.350069
0.876431 0.051294
0.470159 0.582564
0.092533 0.878367
0.225479 0.548375
0.857435 0.219775
0.466168 0.597863
0.438238 0.533381
0.413306 0.652523
0.219998 0.825890
0.408757 0.520222
0.197268 0.879342
0.400924 0.588242
0.546560 0.569866
0.753183 0.185633
0.484285 0.544521
0.799015 0.350314
0.660745 0.351972
0.538820 0.522183
0.882486 0.079055
0.350402 0.575915
0.682322 0.447156
0.706219 0.313682
0.365906 0.688260
0.291269 0.902081
0.681846 0.267241
0.396815 0.651816
0.302014 0.699639
0.122588 0.892029
0.434645 0.686825
0.616261 0.304103
0.764836 0.120377
0.939201 0.005302
0.482101 0.602200
0.561961 0.441684
0.383383 0.575902
0.422011 0.592809
0.433896 0.651278
0.210097 0.772234
0.311097 0.664091
0.339143 0.664630
0.786459 0.039068
0.383137 0.548390
0.645315 0.451234
0.724238 0.357992
0.538899 0.443142
0.587616 0.416235
0.154957 0.752620
0.374592 0.759911
0.334894 0.809108
0.351225 0.618457
0.285920 0.578745
0.764298 0.085242
0.283731 0.925198
0.224494 0.729492
0.587464 0.431033
0.275091 0.739737
0.655204 0.314867
0.405634 0.682105
0.551913 0.313067
0.322404 0.604540
0.568676 0.465920
0.458462 0.573981
0.178892 0.640721
0.900136 0.160067
0.808608 0.251983
0.842796 0.182923
0.621359 0.428793
0.661057 0.100898
0.361018 0.599571
0.266898 0.684450
0.651369 0.197643
0.405408 0.557370
0.481862 0.534921
0.391910 0.543849
0.932658 0.207610
0.505557 0.500596
0.446725 0.496248
0.607272 0.447273
0.558522 0.502491
0.824933 0.351523
0.575323 0.455109
0.015337 0.912675
0.826347 0.285888
0.657431 0.387299
0.704392 0.374622
0.472839 0.344903
0.918786 0.093361
0.330099 0.512914
0.620677 0.381831
0.954104 0.098944
0.754900 0.138583
0.262868 0.663607
0.464804 0.621837
0.039326 0.950793
0.648380 0.427629
0.980331 0.049422
0.227080 0.748435
0.945285 0.286391
0.223695 0.715888
0.564985 0.423352
0.497771 0.622679
0.728480 0.219504
0.408350 0.555273
0.837713 0.167880
0.721885 0.273785
0.587461 0.297684
0.397457 0.631615
0.258245 0.656955
0.551618 0.447563
0.518760 0.495820
0.993178 0.082094
0.393395 0.472238
0.313783 0.552707
0.304409 0.760287
0.780295 0.414572
0.037307 0.846234
0.776845 0.367763
0.717880 0.358005
0.763910 0.247818
0.809318 0.236007
0.491805 0.422888
0.550101 0.474784
0.482790 0.354735
0.806433 0.176992
0.618705 0.260440
0.653464 0.450147
0.603664 0.420501
0.464683 0.369557
0.699803 0.247312
0.793147 0.251490
0.312531 0.774814
0.786757 0.171613
0.482243 0.495609
0.737203 0.164596
0.812008 0.192328
0.499229 0.387787
0.066916 0.840650
0.386039 0.689415
0.315093 0.724395
0.273413 0.782159
0.494849 0.645952
0.010862 0.923937
0.695100 0.268231
0.362257 0.559350
0.443473 0.565358
0.233411 0.722882
0.174460 0.779538
0.625251 0.391492
0.702252 0.183089
0.814036 0.142363
0.771823 0.258639
0.753642 0.136751
0.695737 0.334478
0.587437 0.436240
0.632159 0.316685
0.123806 0.927325
0.736017 0.158717
0.456889 0.734270
0.601026 0.382539
0.381206 0.692171
0.345239 0.517081
0.169926 0.695361
0.639359 0.377740
0.410205 0.489645
0.643706 0.252235
0.991144 0.100774
0.198036 0.758797
0.136466 0.868087
0.363487 0.562962
0.279921 0.717511
0.672944 0.426627
0.213237 0.781931
0.095830 0.851018
0.968677 0.005286
0.701316 0.337780
0.719258 0.207960
0.691832 0.318492
0.603994 0.289107
0.272367 0.798558
0.356350 0.654983
0.444458 0.641663
0.589677 0.577696
0.267644 0.599378
0.423145 0.426852
0.181795 0.950547
0.380465 0.697918
0.863548 0.123428
0.384163 0.577892
0.450396 0.497136
0.630408 0.279446
0.137634 0.903207
0.704621 0.366630
0.477067 0.676793
0.036294 0.870155
0.425052 0.648856
0.707736 0.258800
0.300806 0.758132
0.498412 0.491009
0.344556 0.843722
0.288536 0.805083
0.404023 0.494302
0.300318 0.529449
0.543767 0.392437
0.999347 0.011663
0.463956 0.319238
0.498273 0.548795
0.735041 0.349603
0.783576 0.259885
0.548323 0.571031
0.646531 0.336531
0.106142 0.937899
0.044100 0.940855
0.054741 0.875424
0.794911 0.221586
0.658337 0.456209
0.445224 0.434941
0.802561 0.274251
0.426160 0.585663
0.682240 0.442992
0.748677 0.259366
0.578313 0.479132
0.165367 0.781806
0.052524 0.821933
0.732825 0.261407
0.441800 0.401833
0.550778 0.526142
0.286486 0.657067
0.628216 0.427349
0.237654 0.815093
0.296168 0.893103
0.362407 0.724654
0.305374 0.875182
0.089109 0.834660
0.575560 0.473875
0.527217 0.376130
0.056547 0.953195
0.462202 0.528952
0.482874 0.679263
0.178314 0.938621
0.838740 0.195464
0.137293 0.688075
0.885346 0.171385
0.787644 0.266321
0.564288 0.531813
0.464028 0.431707
0.752683 0.342229
0.968565 0.152201
0.790715 0.184396
0.285791 0.663232
0.409664 0.478504
0.366707 0.610258
0.811249 0.127929
0.788764 0.396464
0.301564 0.633043
0.148865 0.983770
0.606951 0.281322
0.647404 0.443806
0.602898 0.396690
0.820270 0.126583
0.515205 0.430111
0.237769 0.812915
0.850753 0.139303
0.720409 0.152762
0.590396 0.433800
0.698346 0.328764
0.411352 0.723340
0.381888 0.672184
0.761316 0.231471
0.350820 0.584342
0.670160 0.341248
0.233311 0.778785
0.325752 0.583579
0.705623 0.238294
0.315108 0.628964
0.363950 0.636889
0.753569 0.321005
0.380430 0.658379
0.149396 0.805846
0.520860 0.531274
0.530751 0.492482
0.779604 0.412033
0.257710 0.741461
0.729623 0.307211
0.908141 0.214581
0.680433 0.308949
0.802494 0.308143
0.652492 0.342338
0.671786 0.374389
0.807831 0.118954
0.759695 0.337632
0.724478 0.274188
0.855563 0.193667
0.527365 0.329483
0.474686 0.481308
0.487858 0.511698
0.648288 0.484905
0.085203 0.979844
0.443363 0.557248
0.354980 0.536302
0.638414 0.314218
0.602678 0.317621
0.345554 0.637359
0.486109 0.695041
0.128641 0.889109
0.465033 0.404781
0.449078 0.493215
0.405551 0.615992
0.149582 0.902466
0.952349 0.087919
0.274745 0.746366
0.448547 0.378443
0.683073 0.303964
0.803370 0.081686
0.681284 0.241991
0.656058 0.410992
0.879803 0.040992
0.312330 0.679707
0.502674 0.524588
0.438691 0.597126
0.729350 0.277841
0.042848 0.935403
0.773576 0.176066
0.517226 0.419188
0.356838 0.585405
0.890872 0.047753
0.267556 0.922162
0.994545 0.154716
0.677258 0.427255
0.873027 0.164195
0.136381 0.816412
0.188519 0.849252
0.258574 0.661106
0.479326 0.489544
0.564141 0.470869
0.678935 0.361479
0.523415 0.597732
0.360876 0.570224
0.440079 0.620176
0.983149 0.157142
0.553356 0.379679
0.805474 0.181575
0.583671 0.459051
0.137955 0.801237
0.164260 0.927687
0.863112 0.216195
0.514337 0.500428
0.221980 0.897117
0.375384 0.725840
0.472452 0.464259
0.189513 0.693722
0.823431 0.101611
0.638110 0.225566
0.532665 0.366533
0.364702 0.573799
0.853616 0.063899
0.797478 0.362960
0.467220 0.598193
0.743147 0.326495
0.452558 0.578468
0.317508 0.649172
0.359056 0.638096
0.526593 0.287394
0.588611 0.502319
0.351864 0.506657
0.514550 0.493122
0.020665 0.944341
0.448598 0.507973
0.767177 0.369207
0.715020 0.265302
0.595691 0.392048
0.784759 0.130259
0.529883 0.476165
0.494246 0.707029
0.260101 0.847652
0.949001 0.115129
0.194304 0.769599
0.525864 0.443090
0.786960 0.273216
0.570032 0.488603
0.395856 0.571613
0.509630 0.577031
0.807161 0.162307
0.354148 0.773409
0.837213 0.060879
0.279995 0.730851
0.407262 0.629496
0.524639 0.612194
0.643305 0.276475
0.443246 0.646318
0.501586 0.480855
0.235216 0.829880
0.247859 0.764734
0.777816 0.305115
0.192269 0.892881
0.629581 0.424118
0.061551 0.919982
0.606280 0.360995
0.538427 0.541730
0.102815 0.764722
0.811525 0.116056
0.168836 0.951558
0.405487 0.500496
0.491552 0.620540
0.299885 0.673686
0.105212 0.805364
0.060557 0.878618
0.269567 0.789099
0.381549 0.569453
0.776954 0.350631
0.361334 0.539596
0.978545 0.053492
0.612333 0.511482
0.183621 0.785453
0.830094 0.067503
0.519509 0.373884
0.922371 0.094036
0.479344 0.684061
0.807432 0.147346
0.560970 0.340364
0.068377 0.839837
0.723097 0.187949
0.090994 0.975013
0.723657 0.328533
0.144306 0.749542
0.953131 0.100079
0.303139 0.581614
0.440673 0.655395
0.293989 0.902135
0.623958 0.339691
0.113081 0.849507
0.991345 0.001302
0.510071 0.436768
0.299580 0.654113
0.689700 0.510290
0.537455 0.328163
0.382142 0.612547
0.598209 0.476196
0.825151 0.256291
0.175761 0.763938
0.943528 0.015594
0.403502 0.692409
0.547705 0.440311
0.724273 0.110711
0.059834 0.928432
0.762606 0.274070
0.391018 0.608297
0.845810 0.255138
0.284793 0.586277
0.483826 0.568529
0.755683 0.253856
0.236913 0.749100
0.653590 0.396037
0.666427 0.295489
0.584381 0.297503
0.171217 0.738024
0.601906 0.435233
0.989772 0.022156
0.111021 0.939077
0.847455 0.111128
0.536480 0.466765
0.402874 0.671397
0.609520 0.470341
0.866711 0.140063
0.629405 0.408243
0.231679 0.811187
0.338514 0.760418
0.328700 0.578670
0.931011 0.115693
0.508476 0.481233
0.130157 0.915322
0.402458 0.638537
0.655561 0.458520
0.526152 0.526920
0.467743 0.613176
0.540106 0.422912
0.391361 0.615498
0.770190 0.251237
0.377938 0.674572
0.565278 0.334546
0.333725 0.585532
0.580059 0.334344
0.156769 0.742776
0.212085 0.764104
0.878536 0.098493
0.882147 0.055817
0.429044 0.612810
0.212604 0.827102
0.293312 0.691418
0.450928 0.627280
0.115087 0.696893
0.573112 0.505830
0.869508 0.347489
0.723677 0.273650
0.334269 0.462930
0.461332 0.563691
0.306184 0.628243
0.359485 0.773911
0.148846 0.866372
0.184471 0.841540
0.569152 0.534602
0.572799 0.505098
0.309940 0.749786
0.528383 0.482099
0.593490 0.392894
0.441242 0.522597
0.767432 0.298595
0.281745 0.730534
0.158862 0.952280
0.652180 0.499394
0.782345 0.235014
0.614939 0.499740
0.267472 0.643051
0.216008 0.701767
0.653663 0.333866
0.164875 0.812608
0.140440 0.737653
0.528533 0.470721
0.192909 0.720468
0.779862 0.225113
0.243260 0.790769
0.369813 0.604627
0.523518 0.502850
0.503432 0.489901
0.308653 0.670409
0.532939 0.533708
0.163062 0.780786
0.826800 0.339211
0.693272 0.374258
0.351454 0.599415
0.067953 0.815042
0.130363 0.920738
0.949515 0.095090
0.439871 0.600626
0.149012 0.810596
0.597775 0.214155
0.664877 0.384072
0.661498 0.230250
0.525844 0.579157
0.581881 0.252120
0.945713 0.069637
0.543336 0.483993
0.634171 0.296005
0.926438 0.134513
0.603559 0.412075
0.489706 0.457467
0.063192 0.845525
0.077867 0.946242
0.667284 0.334135
0.381326 0.621431
0.362120 0.649334
0.439062 0.515112
0.335857 0.789237
0.335935 0.822293
0.339780 0.534693
0.183829 0.768946
0.467307 0.429518
0.453297 0.435508
0.680652 0.256665
0.286061 0.687005
0.711887 0.380691
0.482709 0.609117
0.568777 0.557778
0.843712 0.224386
0.493448 0.581714
0.395452 0.661073
0.370332 0.618607
0.384128 0.601464
0.897107 0.147188
0.570538 0.359535
0.405850 0.480910
0.189792 0.848212
0.088626 0.893433
0.714587 0.339159
0.533732 0.413606
0.123255 0.858074
0.095051 0.941363
0.576177 0.413305
0.583002 0.349287
0.437605 0.530270
0.978358 0.069387
0.345156 0.753645
0.397577 0.436964
0.521148 0.485819
0.171304 0.866004
0.832124 0.274344
0.286131 0.760596
0.764397 0.309923
0.289595 0.683271
0.702544 0.373892
0.730270 0.337760
0.041266 0.917540
0.657429 0.241722
0.104940 0.991973
0.427968 0.593101
0.493911 0.581515
0.538096 0.490304
0.564787 0.476498
0.489463 0.465979
0.037607 0.990631
0.049778 0.926859
0.380917 0.607884
0.703892 0.355102
0.755809 0.284947
0.940785 0.099481
0.408924 0.644869
0.223328 0.791249
0.559296 0.454516
0.632753 0.351924
0.711792 0.215721
0.247984 0.796694
0.706482 0.328700
0.114882 0.898681
0.201883 0.741151
0.499609 0.558196
0.617174 0.318398
0.364637 0.634922
0.412530 0.633619
0.995809 0.180063
0.600485 0.322200
0.515650 0.360101
0.470235 0.466717
0.257555 0.660799
0.823883 0.189497
0.740611 0.319313
0.561193 0.450127
0.320661 0.630298
0.662296 0.451472
0.035936 0.984628
0.240035 0.741458
0.197424 0.727532
0.861371 0.179196
0.724870 0.264075
0.820799 0.261153
0.175101 0.831548
0.686439 0.353890
0.530568 0.555883
0.322198 0.664051
0.753034 0.206260
0.272531 0.840206
0.422476 0.503046
0.007056 0.952866
0.689470 0.317549
0.446317 0.701953
0.451259 0.514696
0.107324 0.808279
0.345391 0.620040
0.581693 0.451810
0.492224 0.562446
0.600656 0.287699
0.686676 0.385954
0.646080 0.242112
0.714261 0.296332
0.568405 0.371176
0.576909 0.284745
0.206674 0.900900
0.760014 0.037456
0.972587 0.075115
0.273518 0.910671
0.971938 0.078798
0.384115 0.719326
0.485310 0.553318
0.078336 0.864095
0.040301 0.893412
0.387786 0.648645
0.316671 0.633416
0.214964 0.650997
0.711304 0.287128
0.575422 0.484449
0.697979 0.246964
0.010808 0.958676
0.538860 0.402251
0.968992 0.172065
0.776993 0.149888
0.477084 0.577914
0.682717 0.325171
0.827087 0.226347
0.382231 0.746836
0.082840 0.956073
0.702637 0.341258
0.756209 0.320274
0.766116 0.251054
0.336851 0.720538
0.248631 0.795891
0.892143 0.167870
0.823221 0.285325
0.515520 0.469294
0.126837 0.925715
0.930442 0.199691
0.438954 0.365740
0.154869 0.811983
0.394091 0.598904
0.458590 0.595277
0.963665 0.095936
0.519860 0.574039
0.103417 0.904664
0.533455 0.546633
0.824186 0.298261
0.265659 0.711473
0.484058 0.403444
0.054110 0.997039
0.292987 0.655534
0.438095 0.528181
0.315857 0.505048
0.594141 0.408339
0.842258 0.129751
0.805275 0.139467
0.793284 0.151823
0.594667 0.397988
0.336625 0.597178
0.827247 0.147400
0.245038 0.803349
0.814630 0.101809
0.360096 0.784711
0.716685 0.116000
0.687107 0.377184
0.502017 0.353408
0.430507 0.631733
0.775115 0.358252
0.348342 0.520531
0.490238 0.384714
0.168701 0.680254
0.610360 0.558095
0.551127 0.497618
0.063794 0.786757
0.532877 0.559291
0.782542 0.137323
0.736277 0.234752
0.188652 0.737789
0.325547 0.648009
0.528224 0.459287
0.343626 0.699908
0.086125 0.961619
0.865603 0.024512
0.752286 0.236233
0.679501 0.233663
0.225962 0.685068
0.252447 0.772761
0.475333 0.558074
0.738553 0.268883
0.646058 0.370299
0.013300 0.898724
0.733399 0.190874
0.324744 0.655557
0.665252 0.264472
0.375728 0.737387
0.683138 0.314125
0.051213 0.850202
0.663912 0.236948
0.564589 0.412402
0.691309 0.347045
0.604582 0.458688
0.300323 0.789180
0.557989 0.460320
0.134726 0.841469
0.413297 0.685698
0.710520 0.365177
0.672858 0.260262
0.498330 0.480315
0.745253 0.189275
0.402630 0.692341
0.378645 0.565232
0.826380 0.258885
0.176889 0.863957
0.565068 0.492032
0.691542 0.495912
0.918660 0.114312
0.311994 0.658235
0.214897 0.649447
0.427093 0.622480
0.223856 0.709854
0.740272 0.283897
0.573060 0.408283
0.633701 0.498367
0.560246 0.317969
0.250687 0.839161
0.634491 0.358894
0.901470 0.105897
0.474789 0.499306
0.943475 0.046189
0.015535 0.870012
0.421146 0.606827
0.211399 0.781998
0.324821 0.491030
0.413953 0.654381
0.893822 0.119184
0.369940 0.488834
0.520458 0.538421
0.187065 0.765713
0.525829 0.474792
0.260051 0.688663
0.707869 0.280510
0.534649 0.527662
0.751306 0.305315
0.594941 0.430837
0.591063 0.409688
0.294614 0.577615
0.306344 0.740347
0.959694 0.036842
0.150193 0.706859
0.762390 0.224504
0.415496 0.671849
0.526517 0.521489
0.169619 0.783521
0.601614 0.255868
0.187603 0.809721
0.869260 0.083910
0.444729 0.548059
0.265044 0.599027
0.285627 0.771988
0.841801 0.251564
0.593202 0.411175
0.977335 0.128412
0.064737 0.781973
0.697788 0.417208
0.819199 0.191120
0.888203 0.075534
0.830822 0.021446
0.576379 0.376011
0.091626 0.958950
0.325455 0.731123
0.453451 0.554519
0.741168 0.415220
0.853926 0.026926
0.171131 0.755381
0.255656 0.678169
0.320516 0.681044
0.426609 0.372295
0.405882 0.549716
0.731137 0.352686
0.016564 0.899657
0.369295 0.704159
0.615092 0.500335
0.337677 0.676102
0.377990 0.438850
0.579812 0.530315
0.068473 0.925646
0.397291 0.575113
0.102037 0.883974
0.187373 0.820682
0.216803 0.821598
0.917424 0.134337
0.717974 0.245066
0.904637 0.062295
0.109623 0.763903
0.900552 0.059055
0.312085 0.743570
0.732865 0.292359
0.731506 0.346160
0.530480 0.459745
0.513224 0.624019
0.634491 0.438283
0.698257 0.274216
0.542917 0.303820
0.377045 0.730272
0.505175 0.620647
0.588593 0.395315
0.756891 0.332648
0.222013 0.922666
0.338141 0.675922
0.584780 0.436215
0.490798 0.550442
0.066296 0.863770
0.491916 0.516242
0.248255 0.847957
0.203954 0.927735
0.666273 0.256630
0.206364 0.759220
0.157940 0.769604
0.761925 0.129999
0.576246 0.463909
0.129783 0.906753
0.863886 0.135791
0.189048 0.776410
0.696139 0.425448
0.367838 0.701047
0.678036 0.417743
0.651204 0.173151
0.938969 0.071032
0.234104 0.640033
0.391460 0.618763
0.202558 0.947754
0.503851 0.393004
0.601412 0.321373
0.212557 0.816711
0.995590 0.001423
0.472707 0.381215
0.366721 0.594649
0.789929 0.142184
0.060783 0.953157
0.138525 0.740401
0.465584 0.526497
0.688828 0.420069
0.114193 0.909313
0.209385 0.825410
0.075908 0.827006
0.766719 0.280738
0.553507 0.567503
0.263453 0.758636
0.355701 0.619576
0.006208 0.874587
0.660749 0.550551
0.657118 0.397167
0.040949 0.808766
0.413276 0.620198
0.420711 0.548954
0.549946 0.470158
0.322099 0.695138
0.550278 0.391417
0.595763 0.422355
0.434642 0.601082
0.430378 0.623914
0.557438 0.499261
0.446876 0.563823
0.757760 0.288949
0.389902 0.634156
0.755993 0.166165
0.355834 0.531459
0.414840 0.597332
0.354792 0.676012
0.498460 0.633585
0.569111 0.384471
0.774272 0.082398
0.353003 0.665509
0.007383 0.789155
0.552626 0.528986
0.593005 0.409437
0.524165 0.531819
0.521177 0.439549
0.231169 0.819024
0.865857 0.078477
0.470149 0.596428
0.585695 0.347038
0.466072 0.568293
0.381550 0.578608
0.692456 0.170942
0.439730 0.478446
0.064524 0.994166
0.705200 0.170124
0.419376 0.618385
0.555844 0.458037
0.175644 0.880877
0.853113 0.179088
0.376658 0.621812
0.847755 0.279702
0.556070 0.516290
0.480306 0.582745
0.615332 0.218790
0.583706 0.340697
0.591459 0.293976
0.753393 0.365226
0.653664 0.293116
0.321746 0.695410
0.655120 0.400925
0.575754 0.418159
0.686253 0.287330
0.190781 0.834505
0.844612 0.006389
0.584475 0.233521
0.627865 0.313993
0.385862 0.611265
0.930504 0.009379
0.121293 0.913578
0.688075 0.162938
0.481109 0.625703
0.581475 0.423204
0.768181 0.244226
0.661283 0.257975
0.735004 0.267646
0.966164 0.072150
0.728266 0.244073
0.237405 0.759662
0.331594 0.733544
0.342416 0.707098
0.357099 0.751771
0.815075 0.149391
0.172917 0.819434
0.409469 0.541429
0.483801 0.372392
0.538327 0.512351
0.439644 0.602372
0.297457 0.579051
0.381906 0.548821
0.241241 0.611076
0.706364 0.315402
0.645010 0.325143
0.636168 0.339240
0.255879 0.834458
0.647292 0.472621
0.828106 0.224142
0.694732 0.335830
0.419225 0.575253
0.591322 0.360033
0.486354 0.534465
0.924200 0.139356
0.333326 0.550176
0.410641 0.553672
0.267005 0.716132
0.858572 0.070018
0.347103 0.524318
0.378694 0.750285
0.792574 0.264753
0.080567 0.966992
0.199215 0.963851
0.559262 0.500742
0.554462 0.280158
0.310764 0.704259
0.641813 0.436212
0.784795 0.305320
0.101467 0.826655
0.832551 0.251556
0.230148 0.739937
0.495170 0.540399
0.860949 0.131583
0.103514 0.709217
0.302049 0.712979
0.341412 0.546738
0.212550 0.730435
0.568090 0.506410
0.401662 0.461454
0.696309 0.424003
0.407845 0.448008
0.466774 0.388496
0.668071 0.434590
0.329523 0.724309
0.766832 0.026622
0.830037 0.214520
0.102325 0.892619
0.632033 0.417548
0.490115 0.598165
0.597353 0.395307
0.687381 0.370978
0.891863 0.186692
0.440597 0.609318
0.287667 0.866920
0.552614 0.325583
0.271215 0.755820
0.088642 0.975647
0.441382 0.598306
0.701156 0.334342
0.583358 0.573581
0.778356 0.248007
0.292832 0.721699
0.273495 0.652218
0.371499 0.512013
0.564585 0.360923
0.590184 0.445043
0.744434 0.062543
0.694154 0.333631
0.335995 0.647771
0.063399 0.865222
0.569312 0.443414
0.368182 0.442124
0.158865 0.796102
0.178402 0.855679
0.325324 0.703575
0.927516 0.152582
0.947699 0.101142
0.136157 0.893227
0.601117 0.479567
0.103483 0.871771
0.270876 0.727970
0.757388 0.308163
0.877803 0.119538
0.863549 0.221798
0.811729 0.133616
0.392046 0.546931
0.164055 0.613033
0.681278 0.327350
0.427626 0.486357
0.765635 0.197419
0.618368 0.350059
0.587330 0.435210
0.445560 0.434208
0.510668 0.600184
0.146330 0.735070
0.330403 0.577255
0.286629 0.672671
0.657995 0.493107
0.732460 0.333807
0.235484 0.732099
0.241215 0.842592
0.698303 0.271303
0.910251 0.043983
0.649032 0.357796
0.301201 0.758834
0.736138 0.248500
0.946052 0.092213
0.222653 0.799379
0.857966 0.138008
0.326327 0.516312
0.724064 0.245123
0.211351 0.896734
0.787184 0.329390
0.517640 0.504813
0.778408 0.304912
0.622700 0.361112
0.368564 0.713469
0.591777 0.386137
0.170584 0.911766
0.531385 0.585127
0.637073 0.469847
0.649251 0.314907
0.087864 0.958465
0.723887 0.371540
0.635421 0.406147
0.282002 0.730454
0.088999 0.755627
0.210078 0.847948
0.857855 0.168938
0.612488 0.297981
0.427878 0.694937
0.836051 0.288307
0.743800 0.160973
0.812962 0.119204
0.359016 0.616412
0.215912 0.866653
0.963954 0.125290
0.465240 0.492794
0.219179 0.680934
0.398457 0.555938
0.177199 0.724250
0.060714 0.891930
0.551202 0.480791
0.855513 0.245233
0.305151 0.825590
0.803393 0.275574
0.114916 0.930700
0.100065 0.677578
0.713096 0.206411
0.201495 0.800430
0.124117 0.818450
0.355315 0.583207
0.310282 0.617697
0.982625 0.111244
0.448889 0.596800
0.205861 0.838122
0.360081 0.548220
0.730348 0.274418
0.444045 0.687663
0.326536 0.709150
0.425077 0.332538
0.011816 0.958283
0.753164 0.341630
0.116797 0.765803
0.964706 0.057679
0.090897 0.823856
0.708119 0.393429
0.417116 0.569640
0.720821 0.323595
0.727380 0.319916
0.598243 0.362376
0.523323 0.421881
0.858625 0.172284
0.580874 0.443739
0.196141 0.815118
0.743827 0.138044
0.845262 0.059707
0.119888 0.986908
0.528098 0.280078
0.118786 0.916167
0.555143 0.653356
0.545462 0.433236
0.836592 0.300302
0.910890 0.058080
0.974671 0.107732
0.474041 0.566482
0.396826 0.544277
0.473590 0.541285
0.489725 0.453774
0.025882 0.938152
0.227755 0.827247
0.519786 0.499344
0.274531 0.706684
0.306559 0.746485
0.622616 0.356363
0.635029 0.252760
0.062965 0.938481
0.775762 0.230660
0.515456 0.525515
0.245514 0.820019
0.407194 0.645734
0.260920 0.632492
0.802575 0.226354
0.963327 0.037710
0.554773 0.429724
0.490739 0.596292
0.490638 0.577599
0.364830 0.564752
0.721838 0.255171
0.590088 0.479614
0.400468 0.595544
0.807894 0.136436
0.547266 0.259246
0.447215 0.536845
0.601020 0.442778
0.110633 0.861646
0.877188 0.240251
0.969216 0.034160
0.232887 0.864486
0.235214 0.772920
0.316269 0.790438
0.674169 0.307549
0.441379 0.510485
0.498385 0.340628
0.472702 0.371761
0.572294 0.405662
0.692016 0.350204
0.246163 0.732026
0.362331 0.456771
0.355700 0.531524
0.868470 0.208511
0.106458 0.940073
0.636420 0.375184
0.798188 0.236919
0.373305 0.584313
0.646517 0.272307
0.950146 0.009446
0.598781 0.400328
0.353149 0.631995
0.916166 0.154852
0.819106 0.066074
0.498276 0.480618
0.121094 0.893008
0.676023 0.234409
0.589418 0.507145
0.261198 0.738706
0.642695 0.292148
0.376911 0.633703
0.051771 0.859868
0.407742 0.618398
0.651550 0.441494
0.331730 0.768285
0.626037 0.463984
0.878489 0.041942
0.839416 0.306210
0.315499 0.638400
0.192245 0.613475
0.348456 0.646639
0.793320 0.417859
0.662224 0.310227
0.409337 0.569095
0.777692 0.255713
0.292416 0.507218
0.258986 0.544552
0.803661 0.334332
0.320593 0.775273
0.950523 0.097603
0.941576 0.010850
0.552521 0.444296
0.545437 0.491464
0.656782 0.452280
0.122287 0.913225
0.754017 0.342638
0.073305 0.977352
0.354442 0.632393
0.452048 0.516930
0.423147 0.692134
0.883680 0.039762
0.803681 0.296585
0.779720 0.109468
0.329576 0.679388
0.265722 0.819590
0.917364 0.151378
0.838345 0.248338
0.569640 0.434927
0.497832 0.579998
0.671580 0.286785
0.344610 0.748270
0.781239 0.305905
0.368991 0.610755
0.301366 0.701774
0.722444 0.317627
0.754316 0.312326
0.826166 0.187023
0.441063 0.617345
0.763581 0.307510
0.238638 0.858308
0.476799 0.582740
0.792074 0.102868
0.396575 0.624643
0.430825 0.692362
0.112826 0.899078
0.361859 0.554506
0.847479 0.057043
0.785543 0.214205
0.394077 0.620995
0.170187 0.878991
0.697073 0.448142
0.595281 0.518606
0.511208 0.597725
0.519267 0.496248
0.282703 0.676652
0.515970 0.416707
0.647828 0.143971
0.726527 0.442425
0.923252 0.214583
0.527115 0.482693
0.873540 0.260570
0.341809 0.607725
0.299223 0.639197
0.295500 0.695491
0.123684 0.883202
0.857430 0.055687
0.924807 0.010785
0.452809 0.490202
0.174437 0.771386
0.343720 0.616713
0.419447 0.422371
0.368776 0.574896
0.173419 0.930097
0.407637 0.760078
0.139168 0.853023
0.227009 0.674595
0.521665 0.344887
0.614175 0.316082
0.986375 0.065533
0.112877 0.809646
0.148211 0.764482
0.793277 0.188983
0.749798 0.274801
0.524362 0.291870
0.575764 0.351292
0.843283 0.151507
0.897715 0.087059
0.402839 0.611924
0.630981 0.448257
0.622697 0.415693
0.814432 0.195565
0.557003 0.405399
0.104300 0.965377
0.396226 0.618054
0.708030 0.265965
0.662377 0.385867
0.663428 0.428840
0.174578 0.719670
0.982837 0.157277
0.553637 0.477701
0.552826 0.436373
0.339006 0.690022
0.084873 0.934564
0.609943 0.316144
0.734319 0.374920
0.789187 0.242575
0.395253 0.620599
0.012522 0.931161
0.782249 0.139241
0.789219 0.036974
0.287062 0.691349
0.877994 0.261459
0.430339 0.607438
0.483999 0.704612
0.025168 0.863919
0.453168 0.633134
0.465701 0.594408
0.304737 0.607651
0.308547 0.724141
0.574910 0.487243
0.347863 0.612298
0.150668 0.768243
0.496606 0.611790
0.732843 0.193671
0.224085 0.706481
0.367127 0.575687
0.743289 0.455702
0.666807 0.321705
0.601795 0.398576
0.454213 0.364356
0.787834 0.271914
0.075815 0.915160
0.333197 0.689935
0.371880 0.577540
0.231472 0.790129
0.589847 0.183536
0.225811 0.780498
0.875701 0.109436
0.085879 0.918639
0.558412 0.502578
0.049093 0.866890
0.245233 0.785196
0.823267 0.173935
0.272308 0.637730
0.200046 0.847099
0.486191 0.562089
0.305265 0.582012
0.281352 0.739167
0.056430 0.952864
0.864257 0.129758
0.582995 0.327357
0.671904 0.389654
0.777383 0.142204
0.859636 0.142518
0.070287 0.867207
0.055245 0.955678
0.699332 0.261111
0.304149 0.555441
0.799037 0.115385
0.298906 0.695334
0.411791 0.639772
0.260288 0.797176
0.652280 0.312401
0.395001 0.735104
0.375946 0.556187
0.202246 0.771300
0.903626 0.315167
0.858213 0.143299
0.226091 0.801875
0.582409 0.521326
0.556674 0.470206
0.310747 0.644481
0.387467 0.648420
0.228087 0.761509
0.379272 0.734938
0.740063 0.312416
0.735831 0.239381
0.919554 0.201027
0.875570 0.041064
0.087014 0.851448
0.803841 0.180565
0.342663 0.622039
0.931268 0.039919
0.655213 0.314523
0.906936 0.044885
0.732248 0.206743
0.837337 0.300407
0.861971 0.187058
0.708120 0.252543
0.836298 0.291962
0.412585 0.693448
0.887018 0.090605
0.085451 0.890896
0.572302 0.515904
0.583751 0.320611
0.705809 0.347418
0.340929 0.680189
0.410984 0.749303
0.499957 0.718775
0.451901 0.500676
0.672557 0.291423
0.303351 0.774811
0.448143 0.453596
0.620884 0.331402
0.883302 0.047581
0.328145 0.632856
0.563243 0.417654
0.746658 0.420797
0.560758 0.423009
0.189030 0.837217
0.898104 0.072534
0.836489 0.286663
0.466238 0.480373
0.932034 0.111725
0.078924 0.933496
0.229479 0.774138
0.337772 0.732249
0.511807 0.714578
0.450070 0.659409
0.871626 0.239014
0.644293 0.546428
0.474769 0.496540
0.592939 0.486745
0.845173 0.251942
0.476047 0.620677
0.656849 0.367095
0.603377 0.352733
0.177142 0.860587
0.295979 0.763152
0.283742 0.879671
0.451858 0.602650
0.283504 0.628063
0.463974 0.363793
0.045872 0.903591
0.488606 0.283401
0.551211 0.470289
0.484784 0.525641
0.805923 0.260211
0.852649 0.151550
0.454655 0.542974
0.291139 0.620750
0.773993 0.251198
0.904687 0.108533
0.137368 0.827383
0.287723 0.940305
0.511353 0.527691
0.653384 0.268295
0.910636 0.160735
0.806968 0.137283
0.618378 0.314373
0.210388 0.894530
0.743609 0.157572
0.430757 0.483993
0.639598 0.479232
0.303573 0.722941
0.071421 0.925106
0.676129 0.302693
0.844135 0.085295
0.558639 0.417625
0.851816 0.158856
0.653925 0.373797
0.486343 0.418942
0.021475 0.958764
0.071794 0.762788
0.763360 0.115109
0.960420 0.034501
0.934206 0.240278
0.803330 0.194347
0.077478 0.997027
0.972710 0.160195
0.302933 0.628932
0.892839 0.205497
0.251104 0.842601
0.524459 0.394774
0.582104 0.536961
0.874554 0.083367
0.610535 0.252428
0.411677 0.595662
0.809852 0.164835
0.106401 0.911002
0.272008 0.962272
0.552630 0.349195
0.753849 0.251732
0.647347 0.360336
0.496291 0.571730
0.214032 0.767025
0.239669 0.816228
0.450557 0.624735
0.343237 0.565643
0.168075 0.751178
0.188159 0.763502
0.439297 0.703536
0.584394 0.416879
0.648062 0.258750
0.393413 0.554991
0.487483 0.606632
0.930998 0.130792
0.521975 0.461064
0.939392 0.272270
0.657142 0.262106
0.335596 0.730030
0.792689 0.293082
0.424847 0.546435
0.469327 0.553961
0.232412 0.707313
0.996321 0.034719
0.433425 0.699266
0.276953 0.742293
0.665344 0.353014
0.738066 0.270922
0.972047 0.047234
0.359871 0.560763
0.954799 0.179014
0.675135 0.273541
0.387072 0.587156
0.891382 0.258901
0.334707 0.608383
0.565578 0.256736
0.564600 0.681655
0.746001 0.267806
0.440868 0.585080
0.703384 0.385155
0.411064 0.576035
0.667814 0.375385
0.553936 0.384143
0.114059 0.902095
0.718635 0.251691
0.493671 0.525500
0.221098 0.669562
0.371914 0.767338
0.359693 0.450754
0.320767 0.692801
0.292817 0.663179
0.540986 0.647149
0.763204 0.221603
0.368304 0.556724
0.985833 0.060843
0.743662 0.338868
0.438038 0.629883
0.930837 0.056067
0.152878 0.831530
0.864860 0.129655
0.075478 0.965190
0.765390 0.058418
0.359519 0.605601
0.827962 0.219549
0.165017 0.749064
0.436055 0.699991
0.264196 0.668292
0.362215 0.691324
0.661949 0.303894
0.613210 0.366541
0.260096 0.588917
0.353007 0.717454
0.992156 0.094364
0.376585 0.632685
0.726673 0.272020
0.751210 0.296874
0.274652 0.818269
0.460127 0.556460
0.638381 0.390832
0.173864 0.777629
0.232268 0.805410
0.364126 0.500609
0.053720 0.910017
0.602427 0.584123
0.649028 0.426292
0.781831 0.281367
0.511508 0.372663
0.731714 0.264022
0.794386 0.244075
0.839644 0.284683
0.334401 0.663040
0.808703 0.198521
0.569632 0.456179
0.290687 0.578157
0.877709 0.172843
0.794114 0.102190
0.125003 0.954241
0.373818 0.581351
0.282203 0.808932
0.600542 0.224713
0.139277 0.929447
0.453142 0.582509
0.471515 0.668694
0.640947 0.459954
0.244653 0.864567
0.856074 0.338885
0.306208 0.641523
0.153811 0.772511
0.023266 0.859209
0.410953 0.589745
0.320359 0.771611
0.751938 0.322122
0.160120 0.907064
0.477956 0.573832
0.612195 0.381321
0.539650 0.525558
0.138532 0.746801
0.605794 0.286333
0.539141 0.515901
0.388835 0.726198
0.403754 0.500786
0.425783 0.651081
0.000221 0.898762
0.121649 0.749735
0.643145 0.518314
0.247936 0.652780
0.475114 0.661977
0.407033 0.495275
0.733441 0.152228
0.585994 0.257261
0.389872 0.447640
0.775275 0.209196
0.497650 0.475623
0.675285 0.264061
0.633202 0.317703
0.265382 0.860825
0.863524 0.166322
0.506789 0.373867
0.775087 0.190989
0.091568 0.842202
0.374263 0.616434
0.519886 0.535943
0.245037 0.829304
0.110568 0.706606
0.195096 0.837357
0.421230 0.454820
0.794894 0.341680
0.691034 0.164936
0.425029 0.511513
0.200160 0.859994
0.816114 0.246444
0.387151 0.550551
0.376674 0.774184
0.678080 0.322866
0.592884 0.406582
0.396338 0.650622
0.787763 0.272214
0.631309 0.341576
0.425317 0.562534
0.919512 0.167174
0.550794 0.284152
0.481663 0.509893
0.784892 0.150441
0.586402 0.477871
0.473540 0.453570
0.361567 0.688715
0.821905 0.157635
0.566528 0.384204
0.263669 0.694491
0.129503 0.833737
0.625216 0.354326
0.225690 0.821500
0.383647 0.522788
0.696409 0.264133
0.782694 0.214625
0.217756 0.941009
0.362087 0.531677
0.230802 0.699631
0.851799 0.117354
0.721397 0.350300
0.492781 0.584574
0.384257 0.665196
0.303118 0.680041
0.235561 0.657470
0.176007 0.917037
0.121088 0.842468
0.477568 0.502966
0.832359 0.083006
0.594894 0.376362
0.447910 0.516917
0.405945 0.713561
0.485253 0.516334
0.542539 0.568366
0.976314 0.065769
0.903167 0.122809
0.328993 0.653291
0.703037 0.276497
0.646734 0.150658
0.395005 0.593430
0.352309 0.533081
0.504990 0.422443
0.220661 0.743035
0.712659 0.254677
0.705981 0.263487
0.244297 0.604243
0.708637 0.277331
0.008273 0.975570
0.655201 0.356656
0.827656 0.166171
0.890820 0.277762
0.604069 0.281793
0.289813 0.566475
0.669275 0.225334
0.922062 0.082058
0.552170 0.397260
0.556252 0.574350
0.389720 0.710356
0.787586 0.149016
0.460434 0.506216
0.637760 0.368670
0.690646 0.169967
0.770161 0.216479
0.724271 0.351732
0.795724 0.341908
0.761028 0.275748
0.523529 0.413897
0.488968 0.595734
0.316379 0.628282
0.248769 0.606927
0.383625 0.544526
0.261682 0.579433
0.656762 0.383856
0.470428 0.463795
0.491467 0.614682
0.302362 0.607533
0.203153 0.779814
0.609691 0.367631
0.740916 0.211139
0.704969 0.181439
0.507145 0.399004
0.277815 0.788481
0.356477 0.599329
0.094630 0.799011
0.273484 0.746130
0.411938 0.676569
0.378386 0.735986
0.016664 0.996953
0.377742 0.735158
0.381880 0.557240
0.466650 0.487672
0.294733 0.590378
0.494273 0.562561
0.633658 0.460192
0.448007 0.625948
0.410534 0.317668
0.236717 0.796757
0.382372 0.586851
0.496901 0.512551
0.711786 0.310679
0.139111 0.944307
0.424136 0.618977
0.935360 0.125947
0.759451 0.273792
0.908963 0.038375
0.256684 0.686805
0.287103 0.815951
0.209390 0.823114
0.214657 0.796777
0.282740 0.726514
0.150957 0.929154
0.888841 0.190868
0.384842 0.659034
0.364082 0.658135
0.842257 0.172612
0.544078 0.445952
0.648925 0.354148
0.820717 0.219869
0.148269 0.800582
0.555406 0.377614
0.007012 0.957167
0.227347 0.738042
0.545203 0.347102
0.885444 0.183346
0.440757 0.588863
0.098038 0.816339
0.762259 0.207172
0.437055 0.696691
0.512299 0.400301
0.915299 0.061896
0.611800 0.433587
0.656670 0.193158
0.318533 0.820249
0.459238 0.479586
0.651000 0.322913
0.513928 0.575352
0.702673 0.320040
0.242096 0.812404
0.470285 0.503559
0.728698 0.165194
0.271620 0.846431
0.812443 0.288059
0.494823 0.450010
0.410862 0.724234
0.102039 0.949843
0.287808 0.725954
0.062915 0.932119
0.599483 0.475264
0.322650 0.618068
0.110275 0.955823
0.713604 0.162869
0.292187 0.666303
0.542078 0.274919
0.435205 0.405880
0.596710 0.360979
0.668423 0.474397
0.391679 0.517127
0.303963 0.666129
0.299644 0.781545
0.549027 0.488901
0.735711 0.299227
0.252471 0.809168
0.369145 0.439036
0.915647 0.078704
0.247690 0.768602
0.407939 0.737274
0.785557 0.227866
0.494329 0.417370
0.361379 0.385422
0.339713 0.648241
0.334297 0.777171
0.799564 0.358008
0.488673 0.537949
0.281556 0.678870
0.797177 0.125292
0.279350 0.790090
0.640945 0.219915
0.775393 0.089097
0.404613 0.695123
0.209625 0.738415
0.895176 0.255317
0.723101 0.220241
0.681090 0.344555
0.172771 0.930912
0.241493 0.815463
0.650353 0.398696
0.271290 0.550097
0.746091 0.175471
0.165392 0.890650
0.749308 0.136213
0.079855 0.855880
0.425672 0.596474
0.693995 0.418306
0.571448 0.463834
0.072078 0.974844
0.531135 0.504499
0.814072 0.251250
0.821226 0.126938
0.471119 0.479719
0.903321 0.080374
0.446124 0.467576
0.106579 0.994316
0.457045 0.487181
0.009343 0.934351
0.715327 0.230546
0.903745 0.155971
0.317442 0.550100
0.251425 0.787571
0.336212 0.689697
0.010752 0.871854
0.710710 0.289399
0.883298 0.310165
0.585673 0.430829
0.841818 0.227228
0.666852 0.352717
0.970130 0.097484
0.567779 0.394429
0.543227 0.529840
0.455483 0.602433
0.352850 0.530181
0.434556 0.611972
0.437522 0.537835
0.576651 0.412999
0.079745 0.884849
0.915644 0.011432
0.567198 0.480328
0.480417 0.617667
0.118504 0.906990
0.236820 0.818899
0.239089 0.782433
0.292611 0.834708
0.283292 0.616350
0.990657 0.023898
0.049299 0.895523
0.412839 0.452571
0.138561 0.990184
0.863641 0.221294
0.356915 0.588323
0.426344 0.698332
0.995701 0.071835
0.900134 0.063957
0.275347 0.800170
0.301648 0.719981
0.310745 0.624830
0.454902 0.610045
0.017567 0.993366
0.243912 0.835015
0.672575 0.422732
0.313615 0.568853
0.818809 0.072673
0.716230 0.344182
0.677934 0.289121
0.132511 0.764861
0.530415 0.548280
0.664400 0.230900
0.114591 0.927748
0.755272 0.217003
0.923855 0.160212
0.394434 0.679126
0.866890 0.138901
0.797936 0.215556
0.426931 0.747385
0.982127 0.167266
0.894744 0.080396
0.204685 0.801567
0.840326 0.348106
0.521605 0.352252
0.477687 0.521700
0.500823 0.596405
0.398183 0.546918
0.454495 0.401922
0.780046 0.027144
0.506853 0.515623
0.279566 0.634000
0.589100 0.443276
0.335347 0.634321
0.759638 0.160401
0.141539 0.732962
0.433676 0.582511
0.669835 0.304763
0.169334 0.868565
0.317392 0.758430
0.713116 0.274778
0.337026 0.553903
0.874115 0.202266
0.382517 0.600493
0.876180 0.134354
0.667591 0.375264
0.787983 0.316560
0.993441 0.147286
0.617257 0.296432
0.362150 0.631481
0.811138 0.292275
0.703758 0.458633
0.210417 0.770526
0.306157 0.685730
0.367716 0.446075
0.931164 0.085721
0.289769 0.867305
0.485928 0.476792
0.860824 0.110893
0.048454 0.963086
0.528348 0.544624
0.914240 0.053044
0.649698 0.369248
0.406765 0.585630
0.300867 0.778753
0.393632 0.760429
0.186813 0.969758
0.361628 0.736947
0.684247 0.320422
0.163020 0.940883
0.035919 0.929610
0.862334 0.203862
0.566009 0.515413
0.940784 0.057680
0.961713 0.143774
0.461368 0.592886
0.738945 0.365050
0.919731 0.231428
0.662899 0.498677
0.430342 0.571059
0.740893 0.197266
0.744512 0.222557
0.112322 0.890959
0.913379 0.263386
0.203778 0.948409
0.447060 0.631133
0.705608 0.397276
0.241166 0.723943
0.553201 0.392733
0.779961 0.218082
0.604739 0.380615
0.466585 0.371091
0.138408 0.980395
0.388266 0.648783
0.602206 0.311717
0.713251 0.363535
0.401237 0.694841
0.114578 0.783751
0.074947 0.714994
0.451810 0.561551
0.516413 0.537706
0.375654 0.551029
0.798142 0.272805
0.278631 0.794776
0.822071 0.230049
0.576433 0.301776
0.730742 0.173316
0.621569 0.360021
0.469609 0.549983
0.593886 0.388410
0.274824 0.648902
0.895101 0.140604
0.846444 0.167935
0.526052 0.437246
0.993479 0.056885
0.424233 0.407325
0.393637 0.551143
0.888944 0.057297
0.327098 0.781561
0.988445 0.074668
0.462716 0.512498
0.218831 0.836986
0.294356 0.776764
0.477079 0.560155
0.674458 0.206828
0.122482 0.817216
0.464026 0.465299
0.067989 0.912254
0.083019 0.955795
0.683993 0.352248
0.518705 0.514508
0.440343 0.586974
0.134638 0.810484
0.815761 0.167836
0.346130 0.743849
0.971944 0.138772
0.312198 0.547887
0.638046 0.403547
0.988729 0.013049
0.134686 0.801256
0.713699 0.213405
0.101667 0.946723
0.701986 0.258751
0.767023 0.255118
0.959183 0.090376
0.410307 0.621963
0.131436 0.925721
0.621804 0.400855
0.566325 0.447783
0.901753 0.217812
0.709833 0.212799
0.590396 0.427102
0.445694 0.501133
0.681677 0.454214
0.290605 0.786729
0.004307 0.930970
0.386619 0.628015
0.664493 0.399296
0.546465 0.454348
0.882671 0.270890
0.765963 0.126147
0.273396 0.745402
0.767221 0.250414
0.630343 0.379808
0.733531 0.204586
0.481690 0.486043
0.520999 0.614509
0.205296 0.878446
0.561854 0.493783
0.672408 0.342947
0.352525 0.483574
0.595334 0.338692
0.892766 0.175172
0.589739 0.430530
0.251575 0.794157
0.537649 0.512608
0.569836 0.472274
0.354825 0.653953
0.517153 0.478733
0.760516 0.165425
0.509203 0.519597
0.259694 0.646618
0.227985 0.772322
0.865169 0.108268
0.883595 0.216211
0.241359 0.789624
0.757077 0.273859
0.285327 0.725773
0.334938 0.802122
0.910378 0.133664
0.414006 0.498653
0.030436 0.922582
0.884710 0.139798
0.635980 0.308903
0.828834 0.202146
0.033437 0.974721
0.379052 0.834344
0.271910 0.862789
0.643788 0.420131
0.773236 0.460794
0.728683 0.220269
0.319226 0.779991
0.772153 0.268997
0.309854 0.804420
0.153276 0.982062
0.394529 0.652801
0.671301 0.437080
0.341020 0.744496
0.484553 0.449321
0.081765 0.970070
0.702775 0.269882
0.459706 0.599601
0.197251 0.678001
0.397013 0.674827
0.348972 0.531601
0.450673 0.480704
0.056533 0.871011
0.419916 0.586239
0.237944 0.814778
0.451763 0.671271
0.358642 0.661716
0.615138 0.305070
0.201455 0.852406
0.420865 0.518933
0.787049 0.308431
0.225039 0.700891
0.857931 0.129330
0.461209 0.468033
0.434117 0.556100
0.475373 0.618116
0.355386 0.528323
0.874095 0.254311
0.332096 0.651764
0.660139 0.358055
0.122220 0.793739
0.557314 0.595171
0.044271 0.893865
0.872041 0.023617
0.309547 0.652095
0.872865 0.061685
0.660558 0.285054
0.963734 0.094771
0.049097 0.887573
0.150131 0.849937
0.515581 0.456733
0.667985 0.390069
0.085860 0.856013
0.250152 0.894839
0.810269 0.237179
0.326883 0.693688
0.855747 0.195324
0.673972 0.306981
0.660811 0.416918
0.008715 0.827317
0.701209 0.122066
0.411395 0.441121
0.657798 0.062566
0.345226 0.612975
0.551902 0.559779
0.384049 0.717660
0.304697 0.720686
0.092462 0.889336
0.354395 0.549510
0.381029 0.644305
0.647873 0.361406
0.283550 0.665160
0.296249 0.883241
0.776829 0.154324
0.386050 0.571950
0.492351 0.643249
0.108225 0.856870
0.665434 0.416619
0.414791 0.587809
0.216447 0.775041
0.576544 0.519309
0.480809 0.581025
0.877434 0.225263
0.532624 0.512376
0.750165 0.245106
0.721265 0.304835
0.867897 0.127717
0.527347 0.537138
0.586503 0.507449
0.399091 0.407679
0.583080 0.502013
0.589000 0.346782
0.672295 0.348040
0.219310 0.916236
0.311704 0.564989
0.539056 0.432589
0.969939 0.076214
0.321395 0.737164
0.988107 0.004270
0.945020 0.052764
0.834964 0.278660
0.549066 0.349629
0.393948 0.462177
0.626948 0.318520
0.095940 0.963565
0.309291 0.611761
0.199701 0.712310
0.087585 0.667451
0.429586 0.491154
0.424850 0.562281
0.763492 0.194303
0.785698 0.224342
0.450420 0.529445
0.129937 0.886090
0.363944 0.743247
0.741833 0.198314
0.943507 0.164565
0.122803 0.976666
0.824329 0.206991
0.881720 0.175413
0.545308 0.369968
0.688283 0.057213
0.811423 0.251482
0.615787 0.412373
0.616904 0.429703
0.693460 0.425045
0.885579 0.001031
0.536156 0.523080
0.556087 0.455982
0.559126 0.469978
0.411022 0.658612
0.347653 0.601172
0.739214 0.159645
0.271738 0.750732
0.996203 0.043955
0.947831 0.102294
0.893537 0.181174
0.609064 0.395078
0.795120 0.099797
0.751154 0.173149
0.328204 0.542696
0.591979 0.343152
0.333677 0.627706
0.542983 0.527007
0.458006 0.535798
0.265527 0.770822
0.492443 0.593850
0.409130 0.512794
0.255188 0.730568
0.457113 0.624551
0.716463 0.209990
0.610153 0.540002
0.572711 0.542907
0.596893 0.416386
0.739390 0.266018
0.501291 0.443313
0.355734 0.627173
0.082868 0.881670
0.186089 0.860462
0.320902 0.565515
0.393189 0.783702
0.520396 0.587146
0.149952 0.824243
0.223027 0.733485
0.873306 0.237996
0.563442 0.303717
0.118278 0.805301
0.572672 0.379368
0.503724 0.516199
0.302311 0.738320
0.763484 0.217083
0.887113 0.079700
0.499034 0.545006
0.709416 0.389898
0.047486 0.975944
0.629050 0.257710
0.308914 0.745615
0.115210 0.983745
0.646811 0.211973
0.604752 0.408371
0.428858 0.427622
0.686623 0.317931
0.324610 0.663794
0.638575 0.443445
0.456905 0.611464
0.293504 0.723399
0.658224 0.413297
0.884612 0.089314
0.672433 0.323110
0.475762 0.513369
0.768359 0.307443
0.846474 0.108825
0.892131 0.164837
0.232219 0.729978
0.745475 0.276431
0.454322 0.516236
0.416618 0.557105
0.409901 0.671073
0.391279 0.589235
0.274149 0.758355
0.705212 0.259274
0.230362 0.825856
0.860167 0.071138
0.433332 0.556288
0.562948 0.477831
0.230129 0.648411
0.425728 0.655339
0.320527 0.662892
0.588204 0.288483
0.092730 0.837185
0.445822 0.622982
0.449329 0.502431
0.128839 0.756140
0.289983 0.588568
0.691155 0.181020
0.961663 0.095677
0.220947 0.740409
0.713497 0.301637
0.453276 0.401594
0.614841 0.287160
0.765214 0.100223
0.280549 0.706282
0.559080 0.461863
0.231269 0.714860
0.645236 0.520026
0.705651 0.210956
0.145686 0.879079
0.862220 0.174735
0.579244 0.336498
0.205847 0.691186
0.531905 0.583163
0.455788 0.574771
0.525363 0.451422
0.144039 0.982020
0.849096 0.156572
0.237752 0.841736
0.085956 0.841686
0.118519 0.919094
0.973654 0.003801
0.924888 0.140484
0.751484 0.306263
0.433230 0.674199
0.547790 0.506755
0.398766 0.510358
0.185539 0.639575
0.896950 0.188496
0.939418 0.080081
0.286701 0.628365
0.502681 0.542435
0.683848 0.256421
0.376339 0.725782
0.442621 0.598425
0.542597 0.447497
0.381860 0.632248
0.433382 0.534885
0.610973 0.421788
0.585043 0.373673
0.207158 0.766279
0.314404 0.765494
0.437793 0.641620
0.403410 0.628615
0.581795 0.482568
0.044475 0.972524
0.513854 0.470046
0.443095 0.517632
0.256108 0.758336
0.022607 0.856306
0.099568 0.811247
0.931402 0.222110
0.994285 0.019069
0.914548 0.033674
0.625301 0.568862
0.470537 0.695510
0.750307 0.260814
0.803426 0.155274
0.800502 0.373497
0.955927 0.056570
0.491456 0.512208
0.335144 0.633604
0.347416 0.603049
0.907239 0.121095
0.927245 0.202835
0.299644 0.699803
0.690475 0.352928
0.103569 0.693906
0.463530 0.561286
0.363958 0.579296
0.942755 0.121082
0.156432 0.797224
0.013820 0.938407
0.247158 0.657105
0.470200 0.579383
0.463052 0.463364
0.397824 0.598189
0.547417 0.454572
0.299811 0.840000
0.580396 0.346337
0.310344 0.736443
0.534297 0.522912
0.663657 0.357505
0.289268 0.738047
0.262039 0.699913
0.978653 0.168312
0.622854 0.421482
0.074183 0.896208
0.885347 0.033828
0.661465 0.344357
0.048612 0.917864
0.655180 0.498025
0.507173 0.550358
0.802676 0.258706
0.882516 0.041570
0.857747 0.196267
0.990749 0.015232
0.679151 0.309018
0.428893 0.552308
0.843818 0.224731
0.815413 0.206896
0.653805 0.251434
0.390968 0.631373
0.516035 0.537343
0.800154 0.365331
0.834582 0.170985
0.559849 0.420205
0.964927 0.025653
0.069076 0.865704
0.358610 0.540188
0.470261 0.578280
0.860261 0.167732
0.245715 0.790418
0.643514 0.326370
0.651178 0.210607
0.642947 0.253228
0.950898 0.139845
0.488634 0.463390
0.633765 0.489585
0.088803 0.820786
0.764928 0.218011
0.820746 0.105100
0.750288 0.267565
0.184568 0.749591
0.571751 0.407399
0.257075 0.792135
0.506443 0.544644
0.604070 0.394089
0.017504 0.993865
0.336336 0.581882
0.384317 0.699398
0.291414 0.695908
0.924388 0.069315
0.580817 0.457591
0.616933 0.293079
0.759514 0.203099
0.578869 0.519465
0.616408 0.272805
0.405667 0.523188
0.444362 0.504154
0.209322 0.872428
0.483475 0.562176
0.462049 0.684394
0.362217 0.584613
0.560290 0.475401
0.315753 0.670713
0.727030 0.274821
0.776613 0.342024
0.122051 0.771985
0.019427 0.944643
0.342477 0.602299
0.811354 0.256940
0.075240 0.896060
0.418302 0.590946
0.534201 0.420986
0.900567 0.086426
0.344538 0.635181
0.432963 0.558431
0.015102 0.959557
0.827459 0.286743
0.284470 0.792664
0.684271 0.363981
0.592416 0.474253
0.552228 0.321242
0.940120 0.024059
0.576973 0.367976
0.067558 0.947575
0.060998 0.983635
0.414455 0.512007
0.590866 0.373725
0.596895 0.479829
0.562962 0.381780
0.373752 0.607200
0.292831 0.739080
0.225310 0.673000
0.459677 0.444632
0.152187 0.846771
0.600472 0.378583
0.801158 0.291572
0.441931 0.638975
0.141831 0.715312
0.570632 0.492604
0.439719 0.525730
0.333248 0.562718
0.507305 0.363258
0.930712 0.213652
0.438384 0.540034
0.575418 0.486930
0.917472 0.100691
0.597027 0.510707
0.617230 0.382833
0.155749 0.833384
0.581651 0.285278
0.669751 0.303178
0.755683 0.248057
0.372407 0.689967
0.135014 0.841017
0.536354 0.510602
0.331469 0.527378
0.494297 0.433619
0.690278 0.316787
0.180221 0.970554
0.173583 0.870707
0.531899 0.390622
0.556784 0.285445
0.477746 0.644895
0.543364 0.570852
0.639125 0.435170
0.905296 0.210085
0.645131 0.254118
0.270635 0.852587
0.368168 0.508398
0.761245 0.184564
0.332913 0.739512
0.654080 0.233115
0.177144 0.860070
0.860195 0.140906
0.583748 0.310632
0.013887 0.943238
0.235616 0.808595
0.455480 0.432767
0.483715 0.626352
0.498104 0.473105
0.671037 0.380547
0.129103 0.792440
0.253828 0.663905
0.974546 0.113061
0.652223 0.252631
0.275865 0.542415
0.719195 0.341128
0.694531 0.409928
0.032520 0.941009
0.701183 0.361376
0.749486 0.293545
0.930164 0.248247
0.291716 0.758876
0.371477 0.627546
0.655697 0.294704
0.549041 0.490943
0.459871 0.604889
0.758950 0.283794
0.307830 0.799467
0.231710 0.882809
0.731049 0.223568
0.464495 0.414168
0.414426 0.585229
0.327480 0.782278
0.775554 0.363931
0.341064 0.587264
0.407009 0.599486
0.989666 0.041639
0.694962 0.293612
0.735961 0.375054
0.855423 0.160054
0.648945 0.252798
0.587671 0.394821
0.650250 0.267033
0.606236 0.406310
0.719067 0.492935
0.593842 0.462506
0.364444 0.572953
0.317372 0.706697
0.642764 0.461218
0.102972 0.956002
0.704051 0.287700
0.988102 0.237388
0.291970 0.698143
0.811992 0.229462
0.608161 0.335133
0.450817 0.632622
0.397888 0.491096
0.553480 0.515870
0.912915 0.156348
0.492765 0.518092
0.610838 0.369350
0.285887 0.698175
0.516624 0.609439
0.878621 0.142787
0.742203 0.507212
0.514520 0.488651
0.444268 0.425367
0.736816 0.266860
0.339317 0.610584
0.786953 0.107398
0.041145 0.915583
0.227118 0.623958
0.911646 0.002348
0.255238 0.845174
0.515681 0.485508
0.382873 0.687805
0.348108 0.721668
0.894163 0.131520
0.551459 0.305572
0.650395 0.291913
0.710147 0.363974
0.798067 0.281437
0.099844 0.881636
0.240567 0.831860
0.758933 0.300419
0.277453 0.602388
0.263788 0.605980
0.584210 0.393780
0.397860 0.515328
0.407559 0.569696
0.388685 0.694739
0.919762 0.201913
0.083185 0.938432
0.306579 0.650724
0.553924 0.459160
0.931166 0.041538
0.339751 0.704318
0.908505 0.051587
0.744443 0.292667
0.440492 0.502942
0.256228 0.722984
0.423163 0.541631
0.663475 0.434203
0.368045 0.520164
0.542638 0.214779
0.891449 0.081841
0.662650 0.486742
0.306138 0.875189
0.498021 0.409201
0.414339 0.496885
0.641584 0.328785
0.010125 0.906891
0.236788 0.707562
0.849360 0.208529
0.678533 0.369101
0.580780 0.532612
0.140988 0.807876
0.800686 0.255857
0.408962 0.644199
0.089173 0.828450
0.340802 0.592751
0.247123 0.654217
0.180249 0.852905
0.374367 0.600083
0.448769 0.542669
0.759901 0.120601
0.241606 0.695145
0.405733 0.572414
0.089816 0.829738
0.579241 0.333822
0.612826 0.433097
0.769425 0.236757
0.839891 0.209122
0.509218 0.429999
0.952886 0.014039
0.824152 0.186872
0.403562 0.575849
0.748482 0.319775
0.940001 0.084565
0.846840 0.186639
0.537667 0.558401
0.376668 0.548997
0.399473 0.730954
0.552752 0.345337
0.657753 0.450949
0.414993 0.649001
0.695216 0.407723
0.263023 0.774899
0.031199 0.971402
0.758919 0.200911
0.318180 0.716645
0.299117 0.653673
0.297666 0.692517
0.443460 0.536524
0.807175 0.246989
0.111895 0.784162
0.118816 0.904263
0.645540 0.341956
0.180657 0.751703
0.211908 0.874961
0.299059 0.629491
0.701846 0.271813
0.487871 0.478840
0.609949 0.332581
0.385137 0.482202
0.396659 0.429406
0.445883 0.600756
0.527319 0.355274
0.389362 0.637032
0.570228 0.379132
0.166561 0.953477
0.390305 0.708737
0.408588 0.725161
0.543535 0.443101
0.835355 0.348578
0.720002 0.283011
0.190486 0.733314
0.605743 0.378146
0.378502 0.736570
0.322594 0.596179
0.402213 0.585358
0.278394 0.581658
0.382547 0.660399
0.661235 0.354321
0.798554 0.177212
0.430105 0.483477
0.585216 0.411822
0.541452 0.358665
0.812571 0.236151
0.545093 0.391813
0.800565 0.223578
0.409348 0.545621
0.365833 0.691608
0.243959 0.808886
0.687368 0.355165
0.548820 0.639961
0.287138 0.752718
0.316369 0.731466
0.469596 0.481359
0.250563 0.855686
0.252919 0.774067
0.390105 0.690022
0.539055 0.374280
0.339539 0.706309
0.411987 0.726176
0.860292 0.166787
0.342211 0.671709
0.578629 0.471907
0.061179 0.892979
0.657306 0.268267
0.174168 0.867554
0.138881 0.827415
0.830161 0.182925
0.254182 0.890423
0.477861 0.456642
0.067274 0.778849
0.536542 0.511844
0.569876 0.442170
0.585444 0.271644
0.695098 0.418186
0.932494 0.159729
0.335889 0.568403
0.626246 0.429562
0.803734 0.080268
0.684822 0.396230
0.527260 0.546325
0.309099 0.577161
0.369294 0.746776
0.793223 0.397255
0.415005 0.642232
0.623525 0.602143
0.182758 0.678033
0.450048 0.427104
0.937616 0.046904
0.894229 0.075348
0.475977 0.345035
0.871694 0.069365
0.566988 0.528241
0.909130 0.140131
0.765040 0.193428
0.440082 0.507601
0.396081 0.562187
0.233410 0.772395
0.470053 0.433755
0.447262 0.522534
0.605363 0.604094
0.838941 0.234403
0.403452 0.476834
0.603572 0.357356
0.492790 0.654257
0.072367 0.866339
0.237727 0.755140
0.275382 0.720316
0.999376 0.090761
0.742385 0.319558
0.413650 0.517945
0.498323 0.321113
0.429052 0.508554
0.506356 0.581152
0.609660 0.379517
0.393127 0.688235
0.332352 0.658298
0.437606 0.579340
0.316645 0.677463
0.396466 0.638355
0.925013 0.203764
0.530702 0.577249
0.653720 0.352628
0.351507 0.652466
0.507856 0.551721
0.326067 0.693308
0.491623 0.459356
0.925331 0.058377
0.981118 0.110020
0.153541 0.791629
0.648007 0.334976
0.381478 0.504705
0.388979 0.600325
0.508004 0.512462
0.440321 0.519462
0.287515 0.789003
0.557182 0.360695
0.234036 0.774965
0.292595 0.916204
0.856341 0.056889
0.124333 0.838138
0.446076 0.738325
0.099115 0.800955
0.068963 0.912666
0.715838 0.267519
0.392349 0.600105
0.961559 0.029345
0.367011 0.716088
0.414415 0.484955
0.338909 0.636828
0.237158 0.735939
0.527506 0.460495
0.177325 0.763237
0.809396 0.130841
0.739168 0.285429
0.391089 0.518800
0.327186 0.712599
0.622330 0.374797
0.766222 0.275207
0.207284 0.741727
0.605137 0.355088
0.659760 0.222322
0.686995 0.233863
0.774440 0.214514
0.465310 0.529795
0.291931 0.779449
0.215399 0.679612
0.840920 0.299324
0.026750 0.918016
0.236908 0.762960
0.785837 0.193768
0.141002 0.898863
0.209214 0.704960
0.226897 0.725205
0.327822 0.692274
0.134575 0.856801
0.176239 0.918608
0.832057 0.155814
0.334820 0.608010
0.557037 0.374449
0.842413 0.081543
0.282838 0.805620
0.322438 0.690648
0.447285 0.613003
0.470947 0.348520
0.174883 0.688560
0.702203 0.190323
0.303310 0.848920
0.828741 0.193012
0.628274 0.390379
0.771555 0.250607
0.801166 0.090081
0.556577 0.393450
0.037725 0.835301
0.065750 0.876734
0.331861 0.681919
0.685560 0.326570
0.463427 0.498305
0.653023 0.291806
0.527113 0.647277
0.112062 0.864341
0.545217 0.535145
0.216666 0.658241
0.205421 0.769472
0.540006 0.527001
0.834015 0.209969
0.878357 0.240278
0.178519 0.860680
0.792233 0.218253
0.396622 0.769329
0.640472 0.180434
0.678163 0.387043
0.488401 0.536078
0.230264 0.977288
0.660380 0.300722
0.644562 0.389077
0.596074 0.335500
0.402991 0.509015
0.344592 0.649059
0.258751 0.709249
0.803563 0.013618
0.603115 0.438005
0.384180 0.585063
0.474717 0.466413
0.813524 0.256232
0.119302 0.951097
0.315624 0.677993
0.661545 0.361650
0.082426 0.948934
0.933598 0.112177
0.912227 0.078383
0.573521 0.513674
0.530809 0.412968
0.878882 0.190547
0.432636 0.731337
0.885446 0.194960
0.260482 0.808226
0.891967 0.247625
0.515037 0.472582
0.162586 0.864821
0.769917 0.302266
0.496460 0.441246
0.113073 0.942689
0.487027 0.496557
0.334686 0.574906
0.891249 0.069397
0.235100 0.569057
0.478551 0.615199
0.775254 0.276770
0.515317 0.537987
0.520785 0.549249
0.326996 0.602430
0.806691 0.169419
0.906209 0.160553
0.789692 0.259304
0.301902 0.664079
0.703893 0.219414
0.845265 0.125575
0.423829 0.553782
0.324585 0.525636
0.851861 0.127514
0.275844 0.779290
0.145905 0.759600
0.213692 0.916297
0.290025 0.881821
0.498337 0.347498
0.457779 0.656892
0.376116 0.701946
0.376100 0.681530
0.572445 0.442578
0.586771 0.301574
0.732647 0.154613
0.075487 0.903808
0.911722 0.112224
0.400897 0.469224
0.732905 0.189146
0.426825 0.596873
0.572753 0.476517
0.200493 0.649898
0.442838 0.501106
0.280315 0.643104
0.507913 0.364407
0.414465 0.708868
0.357465 0.562534
0.259211 0.763682
0.441526 0.548904
0.236032 0.752091
0.703171 0.286860
0.995600 0.021451
0.701820 0.298990
0.561367 0.451826
0.593048 0.380787
0.491396 0.456150
0.922151 0.155678
0.252876 0.704079
0.920237 0.151064
0.267129 0.703391
0.369587 0.676376
0.113524 0.732522
0.537860 0.282087
0.406654 0.749767
0.112910 0.802806
0.044243 0.947293
0.431079 0.619720
0.612458 0.391084
0.246307 0.761780
0.639128 0.357741
0.809304 0.156816
0.009036 0.860166
0.152891 0.794931
0.463694 0.510762
0.810019 0.230045
0.831108 0.263700
0.156816 0.947550
0.906069 0.005688
0.826839 0.278645
0.557823 0.426630
0.263155 0.809530
0.109873 0.837691
0.283597 0.685142
0.452219 0.579416
0.364986 0.525560
0.430882 0.555239
0.709213 0.332371
0.859138 0.253793
0.209662 0.804755
0.059242 0.989939
0.447394 0.454098
0.533535 0.577612
0.425195 0.350933
0.791932 0.228035
0.753247 0.383881
0.896691 0.188176
0.347033 0.740074
0.507618 0.616943
0.604169 0.402412
0.876244 0.195605
0.330615 0.714121
0.271648 0.789748
0.948236 0.112645
0.521638 0.364797
0.800767 0.122331
0.203996 0.684858
0.616390 0.487376
0.291752 0.693842
0.521658 0.667366
0.356345 0.611128
0.331177 0.715275
0.564068 0.453843
0.599533 0.384933
0.431380 0.671100
0.289271 0.602048
0.091931 0.897998
0.290016 0.649007
0.179506 0.784779
0.721816 0.282717
0.785671 0.216955
0.055192 0.979664
0.644675 0.408599
0.848559 0.341631
0.901854 0.135664
0.893847 0.072337
0.217787 0.835780
0.192547 0.789687
0.421295 0.605665
0.497616 0.464850
0.916341 0.152808
0.629287 0.340313
0.977752 0.057116
0.206379 0.648530
0.395700 0.566389
0.328547 0.762065
0.474088 0.588905
0.861686 0.209236
0.141130 0.754948
0.669839 0.460084
0.541185 0.462677
0.552562 0.384525
0.079121 0.865772
0.497418 0.468010
0.168514 0.737940
0.394624 0.652225
0.626903 0.257651
0.680092 0.276600
0.683388 0.309849
0.278669 0.708040
0.989952 0.162903
0.285935 0.747894
0.658560 0.549565
0.479821 0.473899
0.354729 0.585630
0.737307 0.391106
0.363764 0.685589
0.701257 0.435202
0.845887 0.266522
0.635607 0.387325
0.870064 0.215976
0.479001 0.775759
0.544743 0.657560
0.742459 0.226831
0.526035 0.400961
0.108596 0.926018
0.813086 0.138415
0.896714 0.064819
0.482696 0.463720
0.782410 0.245823
0.845202 0.151078
0.338219 0.501826
0.314572 0.687672
0.737639 0.229652
0.756187 0.284803
0.946592 0.117847
0.189205 0.772477
0.804368 0.224489
0.869648 0.082153
0.469587 0.574885
0.934047 0.057886
0.328947 0.648015
0.789699 0.189256
0.685785 0.416618
0.937488 0.014902
0.868750 0.143511
0.704449 0.338911
0.474250 0.500341
0.318333 0.635406
0.481662 0.578375
0.298098 0.732478
0.516205 0.402239
0.542283 0.442660
0.779991 0.332986
0.953939 0.051799
0.899958 0.226132
0.833176 0.076600
0.495121 0.531102
0.900322 0.103565
0.666878 0.303109
0.597649 0.392841
0.510926 0.445421
0.872683 0.037642
0.574834 0.295021
0.628145 0.462368
0.219556 0.822225
0.193417 0.704428
0.720595 0.297625
0.377844 0.651437
0.841860 0.030284
0.137646 0.845945
0.753900 0.400703
0.598416 0.303113
0.027431 0.937626
0.358720 0.624810
0.620502 0.320607
0.473325 0.427463
0.281473 0.712364
0.668753 0.352243
0.378680 0.549122
0.351497 0.685447
0.672765 0.372068
0.148720 0.734427
0.445597 0.558336
0.127646 0.872407
0.472101 0.369305
0.029936 0.833209
0.280369 0.704486
0.717607 0.313165
0.411483 0.687392
0.892556 0.169748
0.472561 0.632552
0.550146 0.402345
0.434278 0.515041
0.659616 0.265843
0.395737 0.689078
0.570086 0.526332
0.436266 0.645166
0.783774 0.217994
0.402259 0.562456
0.055649 0.863764
0.799352 0.111421
0.837733 0.267167
0.551333 0.583612
0.207356 0.752558
0.631152 0.320457
0.385789 0.667239
0.666316 0.139524
0.216743 0.699886
0.315868 0.821288
0.917173 0.128671
0.588831 0.472726
0.710877 0.219190
0.554326 0.625465
0.848317 0.150608
0.577523 0.342367
0.065065 0.817260
0.109828 0.829161
0.158047 0.794912
0.786840 0.432214
0.831394 0.166351
0.008214 0.822124
0.444420 0.572245
0.091335 0.829313
0.984937 0.055326
0.279338 0.748103
0.633987 0.479513
0.242825 0.701770
0.488003 0.471530
0.564043 0.175517
0.170000 0.722076
0.899286 0.134030
0.327017 0.828387
0.300581 0.726675
0.561902 0.419415
0.494731 0.422931
0.371463 0.688820
0.333022 0.540911
0.528610 0.440265
0.201469 0.771062
0.592917 0.494743
0.222802 0.851491
0.337913 0.746541
0.812728 0.341667
0.590689 0.516547
0.896572 0.112599
0.351025 0.583876
0.214709 0.849032
0.484359 0.653697
0.620122 0.208097
0.687701 0.461157
0.576141 0.387170
0.885961 0.158893
0.197933 0.834457
0.282515 0.671653
0.337312 0.807442
0.090291 0.911788
0.647989 0.358687
0.473651 0.658306
0.988220 0.005735
0.605549 0.379950
0.612920 0.365833
0.710734 0.276170
0.514195 0.420402
0.418429 0.610728
0.350033 0.756024
0.117930 0.817290
0.253699 0.776661
0.119966 0.871286
0.741857 0.279671
0.675151 0.307960
0.148551 0.888852
0.183133 0.748807
0.960041 0.155686
0.491064 0.444708
0.536467 0.523153
0.976914 0.019640
0.189418 0.669177
0.086263 0.972822
0.575207 0.460932
0.926012 0.065071
0.276426 0.694594
0.277818 0.836511
0.749904 0.283391
0.095752 0.869946
0.368792 0.517214
0.367915 0.657097
0.574559 0.421717
0.118130 0.741096
0.265942 0.591382
0.391611 0.640694
0.971041 0.079126
0.444418 0.516062
0.537786 0.449981
0.553375 0.431321
0.873940 0.231506
0.090439 0.960210
0.112521 0.875739
0.403195 0.520899
0.654688 0.255170
0.762140 0.309191
0.585412 0.404476
0.537295 0.518339
0.046597 0.906754
0.439389 0.573707
0.755666 0.217282
0.476174 0.564542
0.835894 0.182486
0.356775 0.558751
0.369440 0.668798
0.171978 0.790776
0.433845 0.440311
0.597415 0.370534
0.162796 0.921812
0.793668 0.229786
0.452009 0.520228
0.528953 0.642225
0.810671 0.196047
0.476072 0.350611
0.422104 0.677266
0.198746 0.775691
0.449827 0.556013
0.903053 0.099856
0.536098 0.468586
0.108035 0.836782
0.363092 0.431047
0.138608 0.839306
0.200693 0.715544
0.289053 0.786206
0.614946 0.181959
0.625615 0.596883
0.291589 0.538348
0.527590 0.483188
0.632278 0.386699
0.707330 0.293740
0.811716 0.123465
0.329177 0.647485
0.209275 0.814575
0.586263 0.433534
0.504183 0.671055
0.343915 0.681673
0.289915 0.674204
0.487635 0.437683
0.354542 0.792481
0.520335 0.568293
0.200878 0.693350
0.949499 0.131991
0.565870 0.436365
0.477572 0.414972
0.930983 0.105709
0.211812 0.678341
0.683361 0.265545
0.423847 0.679168
0.402947 0.607195
0.287769 0.738682
0.502051 0.358274
0.410330 0.605597
0.699487 0.286603
0.332524 0.557960
0.562499 0.314350
0.361742 0.616451
0.664359 0.394291
0.569437 0.363103
0.442796 0.802711
0.517826 0.475765
0.167630 0.829071
0.372557 0.538940
0.547953 0.205390
0.070429 0.745636
0.776830 0.170872
0.771413 0.205001
0.446467 0.467270
0.784733 0.256339
0.326423 0.793323
0.283436 0.714978
0.830576 0.235458
0.441345 0.593375
0.247682 0.863896
0.285322 0.532540
0.233092 0.741897
0.794962 0.107578
0.282241 0.730065
0.426274 0.516992
0.113006 0.844386
0.228462 0.599792
0.474284 0.575561
0.211937 0.789337
0.112890 0.861122
0.805350 0.198272
0.216547 0.691726
0.625294 0.473287
0.579908 0.533867
0.417024 0.630311
0.164139 0.854863
0.927987 0.198149
0.774094 0.341221
0.578379 0.340547
0.177891 0.614494
0.798046 0.198273
0.617524 0.428806
0.370365 0.589185
0.190043 0.783607
0.351322 0.549283
0.753264 0.092282
0.870895 0.164896
0.157928 0.844183
0.417490 0.587404
0.633369 0.315369
0.726701 0.170440
0.412003 0.546691
0.532260 0.405048
0.420310 0.647928
0.417633 0.645018
0.580577 0.463578
0.307233 0.778086
0.646493 0.349494
0.413267 0.619136
0.175081 0.917727
0.553650 0.469917
0.538075 0.566280
0.749839 0.350431
0.269192 0.898147
0.508832 0.633658
0.317335 0.830855
0.422230 0.534463
0.576823 0.376884
0.438529 0.639703
0.517701 0.455171
0.194909 0.714985
0.638232 0.292338
0.446737 0.611650
0.804617 0.155887
0.878378 0.132473
0.201156 0.831043
0.319157 0.586904
0.558418 0.496164
0.547177 0.629275
0.978986 0.150596
0.346228 0.693347
0.405197 0.590527
0.614476 0.328761
0.993454 0.095860
0.270811 0.623652
0.369952 0.626859
0.549729 0.438812
0.399782 0.629320
0.015218 0.894798
0.674260 0.279583
0.538729 0.555419
0.889680 0.121951
0.684259 0.423813
0.773523 0.400910
0.407188 0.578652
0.520529 0.564541
0.436467 0.497888
0.175784 0.832816
0.000042 0.929790
0.415972 0.533595
0.651219 0.285572
0.075658 0.814098
0.215873 0.744804
0.176651 0.774267
0.656869 0.432529
0.702660 0.252054
0.869968 0.041057
0.699036 0.090778
0.530732 0.482920
0.548089 0.482117
0.757142 0.107007
0.384668 0.630141
0.435339 0.580466
0.792115 0.345142
0.254034 0.656674
0.728775 0.426358
0.445970 0.444281
0.822561 0.125018
0.776677 0.268905
0.457880 0.485497
0.507023 0.446443
0.269386 0.869276
0.729391 0.365272
0.542355 0.569388
0.235838 0.808420
0.517740 0.490922
0.850996 0.234223
0.749550 0.183322
0.608311 0.334586
0.803983 0.267392
0.565830 0.417287
0.404771 0.671280
0.299993 0.702117
0.229677 0.709507
0.849381 0.155660
0.180010 0.920656
0.454390 0.449428
0.797122 0.188730
0.587492 0.421954
0.343011 0.557170
0.764859 0.200747
0.387368 0.607076
0.228102 0.773967
0.656369 0.344729
0.821124 0.129977
0.900061 0.126554
0.121344 0.974459
0.296524 0.636514
0.483630 0.475784
0.942437 0.064753
0.918299 0.133903
0.265512 0.776003
0.743166 0.312306
0.558323 0.323341
0.284739 0.650974
0.724100 0.390277
0.397960 0.686835
0.095658 0.885966
0.845938 0.158625
0.402543 0.634083
0.397450 0.639447
0.729850 0.436698
0.691374 0.319389
0.111486 0.945911
0.503594 0.588954
0.795218 0.234736
0.499923 0.520521
0.329705 0.631694
0.790336 0.275977
0.663267 0.196533
0.797184 0.232880
0.583582 0.333386
0.676690 0.242030
0.566946 0.403791
0.549145 0.453898
0.375343 0.542975
0.472852 0.530851
0.112562 0.900686
0.255076 0.910687
0.459275 0.596507
0.635510 0.302457
0.615023 0.361228
0.160301 0.834770
0.728146 0.459716
0.458097 0.569884
0.499680 0.440879
0.288089 0.711707
0.354903 0.594074
0.875541 0.010270
0.196290 0.830680
0.167366 0.767032
0.116250 0.815659
0.678579 0.335911
0.931764 0.120038
0.233586 0.728931
0.555162 0.532951
0.025794 0.935080
0.310017 0.713824
0.301835 0.828847
0.811708 0.153386
0.211717 0.690613
0.435496 0.680707
0.780871 0.178241
0.583648 0.406379
0.371994 0.510682
0.930821 0.132153
0.515621 0.626680
0.931514 0.083241
0.845296 0.085094
0.667235 0.248802
0.399464 0.668554
0.730091 0.311253
0.125943 0.715979
0.539073 0.288375
0.607751 0.345455
0.628313 0.348309
0.186695 0.861200
0.531911 0.406216
0.942669 0.154041
0.327194 0.523116
0.557602 0.300961
0.366845 0.616780
0.589581 0.353124
0.629392 0.254431
0.586702 0.548875
0.026358 0.969606
0.196099 0.621103
0.421334 0.459115
0.492942 0.534732
0.410427 0.635459
0.536352 0.532065
0.904889 0.228239
0.772155 0.390139
0.346712 0.583389
0.327988 0.639785
0.338592 0.760579
0.994268 0.025806
0.805779 0.277014
0.068744 0.900703
0.534988 0.414840
0.352379 0.669339
0.694121 0.470409
0.716593 0.328196
0.198086 0.785379
0.192121 0.976460
0.425469 0.525573
0.309705 0.702186
0.611810 0.344945
0.734463 0.349155
0.340364 0.658152
0.701138 0.282262
0.555195 0.399752
0.410434 0.568439
0.394138 0.529960
0.166558 0.818890
0.389940 0.596004
0.633870 0.361007
0.372703 0.555588
0.210106 0.813242
0.696598 0.409506
0.429649 0.536268
0.938933 0.109638
0.784263 0.207585
0.131537 0.888622
0.304623 0.605595
0.473166 0.495978
0.126713 0.796866
0.822603 0.284430
0.456778 0.387838
0.006231 0.906490
0.554620 0.378131
0.661303 0.381622
0.504531 0.600110
0.604851 0.419766
0.287107 0.739552
0.537931 0.462993
0.666721 0.338518
0.734406 0.311965
0.648179 0.427129
0.578198 0.429146
0.412033 0.526471
0.345089 0.648314
0.634471 0.373903
0.102315 0.958512
0.206539 0.670655
0.598828 0.337068
0.171656 0.751736
0.455448 0.372709
0.809431 0.324136
0.771715 0.179816
0.204093 0.865009
0.895187 0.161300
0.892715 0.162492
0.833209 0.082552
0.824636 0.155493
0.763701 0.225509
0.310865 0.701744
0.013882 0.968192
0.621828 0.344634
0.373734 0.675475
0.524957 0.500830
0.261256 0.775114
0.042814 0.928061
0.249881 0.870953
0.648023 0.513096
0.676063 0.301972
0.139051 0.819245
0.923485 0.161245
0.780748 0.244595
0.564496 0.391870
0.161753 0.855994
0.102095 0.897174
0.809556 0.187681
0.352466 0.558688
0.086344 0.943465
0.880111 0.192083
0.882873 0.021945
0.586520 0.337798
0.055382 0.978805
0.359634 0.714954
0.280055 0.682818
0.565847 0.302082
0.690811 0.365088
0.664805 0.309860
0.471823 0.570353
0.801303 0.180855
0.811988 0.144094
0.367921 0.667445
0.620943 0.410569
0.871786 0.252846
0.972394 0.082890
0.695140 0.263040
0.763051 0.142228
0.285157 0.677938
0.068310 0.992228
0.916615 0.030542
0.072568 0.879655
0.413672 0.699416
0.586615 0.389962
0.184369 0.761759
0.370897 0.754326
0.231585 0.905262
0.696256 0.368091
0.862474 0.310993
0.536491 0.261332
0.905241 0.316159
0.227499 0.752206
0.826119 0.217229
0.901564 0.071790
0.141819 0.755167
0.679694 0.485632
0.531131 0.445895
0.756178 0.159193
0.094178 0.876864
0.601147 0.492643
0.857717 0.123194
0.312653 0.744819
0.376970 0.606800
0.227382 0.746712
0.093402 0.864787
0.459926 0.537362
0.202180 0.880926
0.380572 0.580076
0.374512 0.727309
0.582556 0.421373
0.616928 0.356415
0.552289 0.463254
0.663575 0.385751
0.122225 0.821763
0.891878 0.019185
0.276805 0.688627
0.592485 0.340012
0.888900 0.043566
0.255912 0.669283
0.516554 0.601821
0.877331 0.127837
0.165316 0.844059
0.919131 0.098718
0.520444 0.496771
0.583072 0.423837
0.572599 0.429862
0.474309 0.500130
0.822492 0.002625
0.763504 0.222674
0.613138 0.286254
0.678160 0.305473
0.337586 0.714970
0.807519 0.298367
0.452602 0.502775
0.487825 0.537066
0.212476 0.913977
0.467527 0.611869
0.109927 0.801270
0.388147 0.530091
0.477842 0.462735
0.120863 0.822104
0.789900 0.123979
0.762055 0.383166
0.841326 0.197171
0.813516 0.298202
0.020620 0.997295
0.306147 0.551523
0.150517 0.755084
0.498235 0.495701
0.563734 0.393633
0.078577 0.835746
0.308371 0.701354
0.563471 0.389064
0.563945 0.555824
0.813827 0.171007
0.594487 0.473310
0.279829 0.707866
0.939770 0.261814
0.180886 0.937729
0.402829 0.508516
0.748801 0.377380
0.401754 0.642664
0.641656 0.533548
0.037449 0.926519
0.229054 0.732234
0.235061 0.739060
0.321583 0.596386
0.246389 0.765694
0.573789 0.255181
0.251871 0.616298
0.398865 0.580759
0.101105 0.890552
0.877308 0.220850
0.403566 0.650360
0.599485 0.317597
0.649735 0.255881
0.625780 0.501929
0.508624 0.582899
0.201499 0.747552
0.194901 0.915281
0.695740 0.319178
0.542284 0.460589
0.066261 0.991918
0.511508 0.433096
0.121307 0.897033
0.055124 0.998259
0.321228 0.670856
0.654802 0.326137
0.282728 0.781931
0.344658 0.695512
0.429756 0.606073
0.994390 0.112403
0.463912 0.612212
0.790688 0.103687
0.260565 0.633206
0.586216 0.554494
0.261994 0.739234
0.604312 0.534993
0.344004 0.606274
0.633221 0.303367
0.155495 0.875733
0.087743 0.842765
0.376930 0.611753
0.902500 0.120252
0.569081 0.579720
0.679316 0.306902
0.883865 0.274790
0.825856 0.119860
0.546259 0.460767
0.365082 0.505328
0.383479 0.789599
0.787804 0.315464
0.258588 0.770141
0.758245 0.233276
0.592342 0.460898
0.515069 0.521034
0.826656 0.140045
0.813744 0.203435
0.121953 0.974609
0.944718 0.114261
0.460129 0.528564
0.719298 0.328763
0.074484 0.866067
0.502045 0.463247
0.902334 0.074060
0.578569 0.318287
0.070337 0.726620
0.158749 0.903900
0.463451 0.565177
0.477346 0.511020
0.955394 0.006550
0.072872 0.994117
0.173954 0.685277
0.462406 0.543609
0.003625 0.884008
0.364010 0.661493
0.233415 0.813682
0.577340 0.551910
0.470442 0.505393
0.517478 0.528458
0.001874 0.895772
0.884681 0.212871
0.860399 0.204305
0.242788 0.809709
0.356168 0.562583
0.402093 0.643442
0.743452 0.379535
0.271069 0.663258
0.524664 0.526393
0.346759 0.684303
0.251373 0.660359
0.264207 0.795848
0.266848 0.759344
0.474000 0.515417
0.332024 0.773719
0.647742 0.290180
0.331267 0.677608
0.482278 0.547420
0.328430 0.681378
0.624994 0.372402
0.516732 0.431223
0.511045 0.506466
0.921030 0.207521
0.981138 0.041184
0.566445 0.481745
0.470348 0.581648
0.496860 0.533098
0.616997 0.278491
0.848424 0.162806
0.528219 0.505186
0.862788 0.197256
0.250208 0.590371
0.565361 0.416922
0.658599 0.157242
0.580655 0.451136
0.959189 0.105946
0.685304 0.272067
0.164106 0.802557
0.089715 0.819135
0.695796 0.271195
0.446387 0.587626
0.248492 0.539379
0.398453 0.557231
0.599856 0.394221
0.910699 0.011244
0.535927 0.413613
0.818090 0.200958
0.376608 0.653431
0.692579 0.444401
0.075339 0.883378
0.560660 0.276440
0.531241 0.439324
0.787097 0.223113
0.734594 0.166152
0.050425 0.899698
0.135079 0.894411
0.116580 0.928582
0.846535 0.133433
0.196356 0.663874
0.179540 0.740193
0.194489 0.688198
0.318501 0.589587
0.422811 0.786728
0.883061 0.267094
0.815863 0.199521
0.229817 0.900025
0.582528 0.375476
0.415091 0.590790
0.755238 0.245321
0.271951 0.662884
0.503443 0.479029
0.438903 0.708871
0.644023 0.365001
0.655383 0.449883
0.135315 0.725296
0.735778 0.236139
0.845062 0.201765
0.650432 0.511005
0.007594 0.784083
0.332754 0.834392
0.994607 0.037573
0.092303 0.837212
0.631717 0.232513
0.610838 0.378086
0.239648 0.692567
0.884078 0.247345
0.407051 0.599180
0.932567 0.084402
0.577714 0.352473
0.455096 0.471928
0.455974 0.517092
0.324117 0.781002
0.594009 0.390410
0.896970 0.112116
0.212255 0.934938
0.878735 0.328685
0.065153 0.882680
0.953862 0.011609
0.857630 0.194120
0.572423 0.381371
0.307511 0.635806
0.563235 0.544266
0.779935 0.188183
0.939102 0.088464
0.705859 0.349873
0.062263 0.985499
0.117463 0.840818
0.687546 0.460469
0.580127 0.299200
0.236953 0.623190
0.646630 0.367733
0.602931 0.452966
0.030503 0.849052
0.205679 0.713724
0.462368 0.449625
0.643778 0.395461
0.792098 0.173338
0.212309 0.686649
0.337806 0.484468
0.827342 0.398115
0.391481 0.484228
0.352614 0.635825
0.355726 0.583253
0.789148 0.311400
0.633941 0.443498
0.055807 0.916554
0.469231 0.528811
0.610064 0.319307
0.294262 0.697175