350 4
0.495789 0.742238 0.366738 0.159452
0.384212 0.517806 0.786768 0.423353
0.211692 0.384090 0.466890 0.901476
0.689145 0.468491 0.571310 0.137956
0.923846 0.526004 0.185819 0.053725
0.357725 0.903490 0.464810 0.590192
0.698574 0.415802 0.629198 0.468941
0.910642 0.359487 0.411604 0.317174
0.097093 0.361369 0.606626 0.898750
0.681672 0.279548 0.538087 0.544216
0.372683 0.762607 0.421826 0.404933
0.061471 0.634983 0.437316 0.643278
0.965536 0.053737 0.781664 0.119105
0.636495 0.443980 0.336467 0.160788
0.137203 0.605948 0.580670 0.656144
0.560784 0.510997 0.919740 0.017149
0.479174 0.060272 0.888385 0.578978
0.372360 0.191468 0.544820 0.590189
0.906159 0.154386 0.298325 0.492402
0.343921 0.808941 0.408030 0.485076
0.230159 0.791714 0.713350 0.542218
0.492394 0.925024 0.284626 0.204388
0.233871 0.598582 0.516200 0.743029
0.954580 0.664256 0.260380 0.257219
0.800821 0.778278 0.231740 0.169572
0.061907 0.931008 0.298060 0.923429
0.496517 0.304908 0.612704 0.779418
0.824946 0.824164 0.039105 0.508752
0.499081 0.227961 0.932489 0.535405
0.377547 0.204130 0.944101 0.469016
0.781616 0.169015 0.623777 0.333003
0.523517 0.913002 0.179362 0.244114
0.517516 0.539293 0.336650 0.618556
0.465287 0.867048 0.755383 0.011619
0.322708 0.496455 0.360573 0.558201
0.467183 0.179964 0.826452 0.412261
0.346315 0.528149 0.891996 0.518053
0.949513 0.225240 0.183290 0.648368
0.597425 0.346406 0.738820 0.146305
0.386492 0.910219 0.632612 0.051629
0.585936 0.060912 0.165297 0.819107
0.104216 0.406107 0.951008 0.660958
0.267533 0.095719 0.818203 0.882344
0.310561 0.219484 0.872019 0.403655
0.491347 0.635365 0.445253 0.400781
0.071597 0.743693 0.703603 0.583614
0.510611 0.856921 0.402231 0.460583
0.712136 0.279365 0.548788 0.467484
0.373986 0.362624 0.458505 0.575994
0.694464 0.471681 0.375658 0.385837
0.449742 0.156291 0.638195 0.598114
0.704281 0.041271 0.650437 0.771946
0.403469 0.718795 0.523499 0.526867
0.367701 0.965414 0.285503 0.564172
0.357878 0.723000 0.555717 0.266656
0.711053 0.241233 0.890161 0.484879
0.793138 0.404638 0.467205 0.220650
0.515826 0.691314 0.058095 0.929014
0.638369 0.332604 0.382399 0.686323
0.627379 0.427492 0.315640 0.809728
0.639595 0.204680 0.214215 0.861131
0.761666 0.211847 0.543822 0.143947
0.804101 0.376890 0.539081 0.353918
0.191331 0.238203 0.918663 0.743937
0.656356 0.213088 0.523777 0.961035
0.788791 0.326342 0.182509 0.726792
0.322902 0.817991 0.414830 0.257869
0.366813 0.283332 0.816901 0.315237
0.787301 0.174213 0.329324 0.706281
0.368746 0.583477 0.554604 0.480666
0.556225 0.543579 0.641381 0.365826
0.819646 0.663761 0.190156 0.391097
0.472667 0.435848 0.381596 0.562718
0.473420 0.777524 0.302111 0.511470
0.513125 0.429644 0.234193 0.749670
0.454495 0.293557 0.717243 0.429222
0.692321 0.340687 0.767695 0.328419
0.230164 0.933475 0.714608 0.207720
0.316940 0.776143 0.220180 0.695992
0.543461 0.371987 0.072756 0.917919
0.553434 0.640109 0.146362 0.715190
0.883922 0.324377 0.382780 0.597630
0.749020 0.541567 0.509785 0.216327
0.704962 0.284563 0.884300 0.194827
0.473357 0.726957 0.359529 0.327390
0.830206 0.726512 0.166177 0.333119
0.142854 0.923296 0.658680 0.435320
0.358630 0.698408 0.498185 0.628876
0.721071 0.570562 0.669620 0.281315
0.045907 0.555353 0.584872 0.686388
0.361098 0.424329 0.648160 0.632279
0.330386 0.737186 0.749110 0.153988
0.613276 0.613298 0.428377 0.353162
0.909526 0.120141 0.739793 0.192219
0.811193 0.544712 0.388425 0.210378
0.401910 0.305841 0.484656 0.693135
0.111341 0.394165 0.631185 0.838375
0.714632 0.644984 0.024740 0.670534
0.997494 0.637489 0.335830 0.042917
0.905540 0.516955 0.599898 0.044563
0.407585 0.381242 0.448031 0.510673
0.260473 0.362352 0.465131 0.834637
0.049128 0.406043 0.955061 0.477648
0.572249 0.714829 0.366576 0.217993
0.354339 0.455361 0.220646 0.967634
0.665934 0.406699 0.183598 0.631741
0.377992 0.552137 0.476111 0.675465
0.546982 0.693785 0.038232 0.645677
0.367605 0.855278 0.169895 0.644767
0.425558 0.290434 0.433173 0.846774
0.425039 0.371988 0.796221 0.577437
0.176135 0.591702 0.715658 0.653942
0.418794 0.984429 0.360614 0.397407
0.023220 0.897311 0.686824 0.376585
0.472881 0.096759 0.522987 0.882795
0.709709 0.447776 0.938466 0.124956
0.898099 0.329994 0.368908 0.226452
0.608488 0.130501 0.951330 0.112725
0.616894 0.326307 0.141917 0.696932
0.955730 0.255080 0.341289 0.572019
0.704715 0.520429 0.793265 0.201070
0.164085 0.405733 0.693563 0.771427
0.338268 0.317618 0.446326 0.724918
0.976852 0.503814 0.362945 0.206778
0.317702 0.462860 0.031582 0.849064
0.096983 0.809818 0.379608 0.735437
0.390823 0.857648 0.265424 0.479960
0.639985 0.855947 0.220930 0.408403
0.041153 0.489117 0.838861 0.818178
0.525886 0.526571 0.680600 0.201523
0.648954 0.148121 0.927053 0.427139
0.857472 0.492370 0.941553 0.023271
0.616343 0.033861 0.398353 0.690645
0.305134 0.078744 0.823748 0.759211
0.359085 0.382498 0.506497 0.660585
0.329990 0.841911 0.823043 0.250284
0.976705 0.335833 0.508436 0.227850
0.414926 0.061592 0.228621 0.895770
0.616014 0.543198 0.199879 0.724674
0.318466 0.036666 0.707777 0.966352
0.230708 0.376953 0.784338 0.615070
0.366772 0.443309 0.600604 0.754188
0.592394 0.230097 0.822785 0.570919
0.237391 0.431791 0.552673 0.798038
0.599034 0.060243 0.439593 0.702026
0.240788 0.639256 0.504892 0.646456
0.684709 0.334050 0.611650 0.539238
0.426761 0.791920 0.540104 0.521283
0.346166 0.070972 0.720456 0.618168
0.696207 0.258905 0.764809 0.459620
0.362079 0.683374 0.489469 0.478200
0.578622 0.197654 0.636031 0.474364
0.573590 0.388485 0.611096 0.770755
0.599472 0.558288 0.333986 0.424149
0.487723 0.321316 0.151639 0.990673
0.745633 0.211365 0.612102 0.723534
0.014839 0.467286 0.717588 0.730551
0.536751 0.412584 0.590094 0.678978
0.795978 0.126712 0.747141 0.262986
0.890754 0.900005 0.425947 0.062854
0.341884 0.846757 0.331167 0.519147
0.362314 0.765471 0.320527 0.617475
0.450134 0.819378 0.308073 0.763984
0.886402 0.351650 0.855911 0.115396
0.310072 0.566115 0.947748 0.223481
0.699867 0.528783 0.320229 0.505706
0.449215 0.748420 0.043212 0.489161
0.790979 0.382144 0.560435 0.098531
0.807592 0.536461 0.500822 0.063499
0.747962 0.950844 0.376619 0.356580
0.880934 0.327407 0.632489 0.506528
0.653208 0.550677 0.279682 0.316883
0.238040 0.835318 0.423069 0.752210
0.409687 0.533998 0.293244 0.685299
0.319945 0.571707 0.655407 0.364869
0.770109 0.934482 0.361600 0.404265
0.609885 0.757139 0.052797 0.317675
0.295977 0.836773 0.163392 0.670409
0.778181 0.076398 0.407796 0.890691
0.320045 0.447021 0.340125 0.759389
0.703905 0.602004 0.035468 0.707349
0.851270 0.186363 0.332835 0.444650
0.549470 0.322829 0.197802 0.835009
0.749683 0.665299 0.658560 0.164601
0.551460 0.540818 0.435020 0.519123
0.820640 0.157980 0.455980 0.662153
0.653708 0.435426 0.337096 0.980680
0.553947 0.432281 0.248984 0.705312
0.658654 0.423559 0.545387 0.608021
0.303476 0.433298 0.732846 0.118262
0.610964 0.030711 0.669317 0.608997
0.499324 0.312488 0.717046 0.623810
0.812379 0.651864 0.428878 0.242226
0.694039 0.276796 0.488564 0.423541
0.893287 0.641428 0.542953 0.269394
0.645287 0.100285 0.837918 0.648354
0.313464 0.717330 0.906733 0.143447
0.899591 0.564671 0.087014 0.580154
0.923662 0.807547 0.247914 0.173550
0.202783 0.065013 0.924998 0.665593
0.806093 0.565260 0.321173 0.431078
0.434245 0.465866 0.750805 0.322960
0.216990 0.488246 0.625651 0.742302
0.703924 0.428853 0.244042 0.271221
0.292313 0.288711 0.384390 0.971959
0.843082 0.173123 0.926037 0.175154
0.724738 0.326842 0.845404 0.072408
0.309403 0.865574 0.096689 0.819311
0.968116 0.219263 0.399781 0.359946
0.215389 0.911303 0.200891 0.843169
0.682760 0.472209 0.500895 0.142096
0.241569 0.021597 0.795342 0.957905
0.160180 0.860496 0.226362 0.688128
0.364441 0.575354 0.104585 0.816687
0.052766 0.848327 0.472485 0.795541
0.346859 0.640722 0.430106 0.489427
0.420944 0.516354 0.816541 0.519001
0.212420 0.366627 0.722696 0.472612
0.580046 0.392388 0.421658 0.292097
0.294535 0.482403 0.490996 0.349210
0.468563 0.679199 0.371483 0.519349
0.091552 0.817341 0.686178 0.422010
0.109242 0.650529 0.207328 0.778631
0.399427 0.361593 0.879417 0.301309
0.655335 0.468353 0.643616 0.189751
0.312264 0.287278 0.525764 0.752175
0.423239 0.494308 0.308772 0.999355
0.620726 0.085672 0.756717 0.630902
0.081549 0.993479 0.103252 0.718420
0.629645 0.165440 0.833879 0.415574
0.357217 0.366564 0.952240 0.588497
0.353045 0.792471 0.086346 0.848000
0.440898 0.865847 0.661632 0.209220
0.259784 0.906471 0.383754 0.318751
0.612811 0.163600 0.581357 0.640163
0.423085 0.850652 0.436208 0.165424
0.574878 0.176592 0.712581 0.817598
0.046301 0.402813 0.786286 0.633364
0.628195 0.290653 0.603807 0.529457
0.208059 0.048984 0.833346 0.884340
0.787000 0.249585 0.524640 0.380185
0.224368 0.928207 0.079510 0.711914
0.021672 0.567458 0.520442 0.853800
0.766592 0.916394 0.019401 0.393625
0.761520 0.324675 0.498105 0.550746
0.389672 0.853108 0.412213 0.406130
0.248853 0.780369 0.147621 0.617875
0.927098 0.331850 0.003290 0.562276
0.290254 0.494614 0.710828 0.621497
0.866448 0.027766 0.591550 0.289835
0.610354 0.516620 0.350183 0.637446
0.251833 0.936098 0.353204 0.219696
0.794991 0.124577 0.947707 0.302499
0.093834 0.706502 0.735591 0.530945
0.425919 0.404809 0.469368 0.580854
0.501742 0.649530 0.193074 0.719945
0.675180 0.522545 0.541377 0.218368
0.363590 0.825222 0.833855 0.354126
0.634836 0.154983 0.451232 0.841448
0.737161 0.782918 0.312989 0.168170
0.483749 0.196131 0.585532 0.496645
0.374852 0.271002 0.847146 0.647621
0.936395 0.501341 0.494732 0.240208
0.420905 0.905695 0.561653 0.325355
0.691216 0.758671 0.417433 0.293535
0.982616 0.303784 0.316999 0.384356
0.389696 0.610871 0.226537 0.917038
0.466261 0.173070 0.921959 0.374805
0.420491 0.849483 0.294147 0.544331
0.537739 0.420796 0.882295 0.199218
0.584317 0.681828 0.535305 0.170557
0.052974 0.600397 0.604765 0.756500
0.714029 0.768692 0.064032 0.357250
0.940458 0.034285 0.550691 0.520260
0.311668 0.101010 0.968947 0.796118
0.770830 0.360398 0.746429 0.251488
0.555602 0.749040 0.272952 0.807934
0.051208 0.919336 0.379375 0.610781
0.930021 0.054966 0.437012 0.333533
0.341598 0.864586 0.640121 0.517842
0.494220 0.561058 0.448829 0.794297
0.132582 0.902016 0.556131 0.291109
0.563526 0.987988 0.002788 0.272570
0.748616 0.904537 0.122266 0.314426
0.622655 0.541030 0.396691 0.279193
0.695346 0.464877 0.120061 0.734138
0.169085 0.966753 0.566878 0.355088
0.169235 0.605125 0.562494 0.830515
0.927390 0.228492 0.564351 0.413398
0.747038 0.124644 0.823268 0.111928
0.703662 0.284950 0.805167 0.329002
0.149559 0.067468 0.934452 0.770579
0.662275 0.168833 0.053787 0.713760
0.653927 0.180504 0.974255 0.050288
0.580563 0.328214 0.828000 0.460155
0.519392 0.624404 0.493282 0.415699
0.590471 0.449038 0.169341 0.926886
0.604770 0.294313 0.129502 0.514072
0.111486 0.377386 0.973743 0.284752
0.183592 0.279756 0.760323 0.763354
0.466284 0.500350 0.743984 0.388321
0.619592 0.071968 0.379686 0.882292
0.302585 0.529612 0.630253 0.518608
0.588975 0.188220 0.386762 0.801341
0.811209 0.496136 0.492199 0.323148
0.036711 0.927462 0.097753 0.839635
0.146479 0.590255 0.221315 0.968629
0.424736 0.328244 0.986275 0.486922
0.520619 0.685385 0.594918 0.404401
0.233156 0.141830 0.861247 0.707481
0.454083 0.569466 0.104767 0.925770
0.799556 0.278265 0.420932 0.391911
0.678954 0.420438 0.488662 0.221438
0.805736 0.661768 0.273552 0.314108
0.348408 0.546598 0.612304 0.698578
0.251609 0.633601 0.409920 0.622891
0.591583 0.623543 0.792612 0.301795
0.581503 0.302800 0.548735 0.505929
0.424116 0.208926 0.463703 0.636274
0.412207 0.677130 0.451150 0.579487
0.543614 0.986285 0.044723 0.566348
0.008079 0.432906 0.848123 0.540245
0.840766 0.630233 0.130436 0.642068
0.007096 0.700597 0.381007 0.985073
0.683302 0.740653 0.119330 0.315920
0.292877 0.595637 0.437590 0.722333
0.356749 0.235301 0.584481 0.919435
0.583665 0.927027 0.284145 0.250227
0.497911 0.679570 0.654064 0.087838
0.871768 0.046156 0.206491 0.918700
0.093450 0.291763 0.924965 0.808880
0.162426 0.602876 0.307068 0.580435
0.585863 0.687572 0.133640 0.428256
0.578089 0.177865 0.732690 0.647396
0.518570 0.810765 0.238413 0.551360
0.210452 0.417560 0.722556 0.672981
0.454968 0.450479 0.520848 0.535600
0.265772 0.647129 0.416818 0.571885
0.991693 0.575862 0.406973 0.303415
0.646388 0.753513 0.203784 0.186967
0.881312 0.237524 0.476116 0.298664
0.985400 0.398724 0.139140 0.502432
0.536478 0.533250 0.131906 0.961683
0.935947 0.279445 0.095139 0.750002
0.234717 0.149723 0.999136 0.672103
0.895304 0.591452 0.099379 0.494282
0.472409 0.352859 0.631017 0.680495
0.909945 0.701386 0.038887 0.279618
0.993890 0.543790 0.467906 0.130852
0.715213 0.172782 0.715665 0.381552