1000 4
0.495789 0.742238 0.366738 0.159452
0.384212 0.517806 0.786768 0.423353
0.211692 0.384090 0.466890 0.901476
0.689145 0.468491 0.571310 0.137956
0.923846 0.526004 0.185819 0.053725
0.357725 0.903490 0.464810 0.590192
0.698574 0.415802 0.629198 0.468941
0.910642 0.359487 0.411604 0.317174
0.097093 0.361369 0.606626 0.898750
0.681672 0.279548 0.538087 0.544216
0.372683 0.762607 0.421826 0.404933
0.061471 0.634983 0.437316 0.643278
0.965536 0.053737 0.781664 0.119105
0.636495 0.443980 0.336467 0.160788
0.137203 0.605948 0.580670 0.656144
0.560784 0.510997 0.919740 0.017149
0.479174 0.060272 0.888385 0.578978
0.372360 0.191468 0.544820 0.590189
0.906159 0.154386 0.298325 0.492402
0.343921 0.808941 0.408030 0.485076
0.230159 0.791714 0.713350 0.542218
0.492394 0.925024 0.284626 0.204388
0.233871 0.598582 0.516200 0.743029
0.954580 0.664256 0.260380 0.257219
0.800821 0.778278 0.231740 0.169572
0.061907 0.931008 0.298060 0.923429
0.496517 0.304908 0.612704 0.779418
0.824946 0.824164 0.039105 0.508752
0.499081 0.227961 0.932489 0.535405
0.377547 0.204130 0.944101 0.469016
0.781616 0.169015 0.623777 0.333003
0.523517 0.913002 0.179362 0.244114
0.517516 0.539293 0.336650 0.618556
0.465287 0.867048 0.755383 0.011619
0.322708 0.496455 0.360573 0.558201
0.467183 0.179964 0.826452 0.412261
0.346315 0.528149 0.891996 0.518053
0.949513 0.225240 0.183290 0.648368
0.597425 0.346406 0.738820 0.146305
0.386492 0.910219 0.632612 0.051629
0.585936 0.060912 0.165297 0.819107
0.104216 0.406107 0.951008 0.660958
0.267533 0.095719 0.818203 0.882344
0.310561 0.219484 0.872019 0.403655
0.491347 0.635365 0.445253 0.400781
0.071597 0.743693 0.703603 0.583614
0.510611 0.856921 0.402231 0.460583
0.712136 0.279365 0.548788 0.467484
0.373986 0.362624 0.458505 0.575994
0.694464 0.471681 0.375658 0.385837
0.404327 0.106373 0.868569 0.786118
0.518310 0.480107 0.628738 0.434712
0.476398 0.716782 0.486277 0.390539
0.643219 0.362809 0.824946 0.483720
0.832990 0.542922 0.548377 0.250516
0.021187 0.919561 0.320942 0.818896
0.567034 0.538033 0.141201 0.729010
0.586129 0.098764 0.891558 0.403412
0.204243 0.447815 0.733651 0.747302
0.404415 0.535211 0.396342 0.888451
0.131933 0.937451 0.130609 0.484859
0.360586 0.826850 0.600070 0.124666
0.889882 0.355197 0.636174 0.123463
0.249486 0.231273 0.789081 0.629207
0.909225 0.528482 0.506570 0.136148
0.786130 0.226616 0.654468 0.073304
0.331021 0.971615 0.044465 0.373854
0.501640 0.491523 0.518975 0.189192
0.157748 0.905624 0.797241 0.122006
0.814986 0.121019 0.603093 0.455466
0.764855 0.104154 0.611695 0.328058
0.391638 0.832917 0.628131 0.158836
0.517919 0.558596 0.443411 0.555106
0.312320 0.392935 0.429568 0.759845
0.394424 0.471173 0.764340 0.538758
0.135252 0.987971 0.004495 0.863898
0.855869 0.170183 0.431993 0.345205
0.927232 0.576563 0.410556 0.150671
0.639871 0.364581 0.642624 0.562867
0.451206 0.251865 0.539147 0.270824
0.078509 0.136731 0.816811 0.808023
0.447456 0.549511 0.556263 0.377248
0.173760 0.764327 0.455483 0.759277
0.425745 0.791423 0.197296 0.408666
0.065983 0.635877 0.970914 0.268495
0.999731 0.405709 0.164843 0.461037
0.355576 0.258816 0.948962 0.222399
0.173301 0.251744 0.749168 0.796216
0.513255 0.569117 0.534979 0.262183
0.694621 0.284626 0.427222 0.511135
0.854374 0.586514 0.404410 0.192638
0.290690 0.733096 0.451773 0.825525
0.790145 0.655250 0.351581 0.080573
0.387347 0.131665 0.378951 0.977127
0.154031 0.812154 0.428201 0.651736
0.484211 0.565468 0.303005 0.586668
0.628549 0.101629 0.618326 0.611924
0.420282 0.641875 0.157929 0.589997
0.449742 0.156291 0.638195 0.598114
0.704281 0.041271 0.650437 0.771946
0.403469 0.718795 0.523499 0.526867
0.367701 0.965414 0.285503 0.564172
0.357878 0.723000 0.555717 0.266656
0.711053 0.241233 0.890161 0.484879
0.793138 0.404638 0.467205 0.220650
0.515826 0.691314 0.058095 0.929014
0.638369 0.332604 0.382399 0.686323
0.627379 0.427492 0.315640 0.809728
0.639595 0.204680 0.214215 0.861131
0.761666 0.211847 0.543822 0.143947
0.804101 0.376890 0.539081 0.353918
0.191331 0.238203 0.918663 0.743937
0.656356 0.213088 0.523777 0.961035
0.788791 0.326342 0.182509 0.726792
0.322902 0.817991 0.414830 0.257869
0.366813 0.283332 0.816901 0.315237
0.787301 0.174213 0.329324 0.706281
0.368746 0.583477 0.554604 0.480666
0.556225 0.543579 0.641381 0.365826
0.819646 0.663761 0.190156 0.391097
0.472667 0.435848 0.381596 0.562718
0.473420 0.777524 0.302111 0.511470
0.513125 0.429644 0.234193 0.749670
0.454495 0.293557 0.717243 0.429222
0.692321 0.340687 0.767695 0.328419
0.230164 0.933475 0.714608 0.207720
0.316940 0.776143 0.220180 0.695992
0.543461 0.371987 0.072756 0.917919
0.553434 0.640109 0.146362 0.715190
0.883922 0.324377 0.382780 0.597630
0.749020 0.541567 0.509785 0.216327
0.704962 0.284563 0.884300 0.194827
0.473357 0.726957 0.359529 0.327390
0.830206 0.726512 0.166177 0.333119
0.142854 0.923296 0.658680 0.435320
0.358630 0.698408 0.498185 0.628876
0.721071 0.570562 0.669620 0.281315
0.045907 0.555353 0.584872 0.686388
0.361098 0.424329 0.648160 0.632279
0.330386 0.737186 0.749110 0.153988
0.613276 0.613298 0.428377 0.353162
0.909526 0.120141 0.739793 0.192219
0.811193 0.544712 0.388425 0.210378
0.401910 0.305841 0.484656 0.693135
0.111341 0.394165 0.631185 0.838375
0.714632 0.644984 0.024740 0.670534
0.997494 0.637489 0.335830 0.042917
0.905540 0.516955 0.599898 0.044563
0.407585 0.381242 0.448031 0.510673
0.260473 0.362352 0.465131 0.834637
0.049128 0.406043 0.955061 0.477648
0.572249 0.714829 0.366576 0.217993
0.354339 0.455361 0.220646 0.967634
0.665934 0.406699 0.183598 0.631741
0.377992 0.552137 0.476111 0.675465
0.546982 0.693785 0.038232 0.645677
0.367605 0.855278 0.169895 0.644767
0.425558 0.290434 0.433173 0.846774
0.425039 0.371988 0.796221 0.577437
0.176135 0.591702 0.715658 0.653942
0.418794 0.984429 0.360614 0.397407
0.023220 0.897311 0.686824 0.376585
0.472881 0.096759 0.522987 0.882795
0.709709 0.447776 0.938466 0.124956
0.898099 0.329994 0.368908 0.226452
0.608488 0.130501 0.951330 0.112725
0.616894 0.326307 0.141917 0.696932
0.955730 0.255080 0.341289 0.572019
0.704715 0.520429 0.793265 0.201070
0.164085 0.405733 0.693563 0.771427
0.338268 0.317618 0.446326 0.724918
0.976852 0.503814 0.362945 0.206778
0.317702 0.462860 0.031582 0.849064
0.096983 0.809818 0.379608 0.735437
0.390823 0.857648 0.265424 0.479960
0.639985 0.855947 0.220930 0.408403
0.041153 0.489117 0.838861 0.818178
0.525886 0.526571 0.680600 0.201523
0.648954 0.148121 0.927053 0.427139
0.857472 0.492370 0.941553 0.023271
0.616343 0.033861 0.398353 0.690645
0.305134 0.078744 0.823748 0.759211
0.359085 0.382498 0.506497 0.660585
0.329990 0.841911 0.823043 0.250284
0.976705 0.335833 0.508436 0.227850
0.414926 0.061592 0.228621 0.895770
0.616014 0.543198 0.199879 0.724674
0.318466 0.036666 0.707777 0.966352
0.230708 0.376953 0.784338 0.615070
0.366772 0.443309 0.600604 0.754188
0.592394 0.230097 0.822785 0.570919
0.237391 0.431791 0.552673 0.798038
0.599034 0.060243 0.439593 0.702026
0.240788 0.639256 0.504892 0.646456
0.684709 0.334050 0.611650 0.539238
0.426761 0.791920 0.540104 0.521283
0.346166 0.070972 0.720456 0.618168
0.696207 0.258905 0.764809 0.459620
0.423805 0.567022 0.689301 0.327138
0.815110 0.024361 0.744449 0.353103
0.754132 0.318328 0.638789 0.415028
0.578622 0.445453 0.595933 0.384380
0.362079 0.683374 0.489469 0.478200
0.578622 0.197654 0.636031 0.474364
0.573590 0.388485 0.611096 0.770755
0.599472 0.558288 0.333986 0.424149
0.487723 0.321316 0.151639 0.990673
0.745633 0.211365 0.612102 0.723534
0.014839 0.467286 0.717588 0.730551
0.536751 0.412584 0.590094 0.678978
0.795978 0.126712 0.747141 0.262986
0.890754 0.900005 0.425947 0.062854
0.341884 0.846757 0.331167 0.519147
0.362314 0.765471 0.320527 0.617475
0.450134 0.819378 0.308073 0.763984
0.886402 0.351650 0.855911 0.115396
0.310072 0.566115 0.947748 0.223481
0.699867 0.528783 0.320229 0.505706
0.449215 0.748420 0.043212 0.489161
0.790979 0.382144 0.560435 0.098531
0.807592 0.536461 0.500822 0.063499
0.747962 0.950844 0.376619 0.356580
0.880934 0.327407 0.632489 0.506528
0.653208 0.550677 0.279682 0.316883
0.238040 0.835318 0.423069 0.752210
0.409687 0.533998 0.293244 0.685299
0.319945 0.571707 0.655407 0.364869
0.770109 0.934482 0.361600 0.404265
0.609885 0.757139 0.052797 0.317675
0.295977 0.836773 0.163392 0.670409
0.778181 0.076398 0.407796 0.890691
0.320045 0.447021 0.340125 0.759389
0.703905 0.602004 0.035468 0.707349
0.851270 0.186363 0.332835 0.444650
0.549470 0.322829 0.197802 0.835009
0.749683 0.665299 0.658560 0.164601
0.551460 0.540818 0.435020 0.519123
0.820640 0.157980 0.455980 0.662153
0.653708 0.435426 0.337096 0.980680
0.553947 0.432281 0.248984 0.705312
0.658654 0.423559 0.545387 0.608021
0.303476 0.433298 0.732846 0.118262
0.610964 0.030711 0.669317 0.608997
0.499324 0.312488 0.717046 0.623810
0.812379 0.651864 0.428878 0.242226
0.694039 0.276796 0.488564 0.423541
0.893287 0.641428 0.542953 0.269394
0.645287 0.100285 0.837918 0.648354
0.313464 0.717330 0.906733 0.143447
0.899591 0.564671 0.087014 0.580154
0.923662 0.807547 0.247914 0.173550
0.202783 0.065013 0.924998 0.665593
0.806093 0.565260 0.321173 0.431078
0.434245 0.465866 0.750805 0.322960
0.216990 0.488246 0.625651 0.742302
0.703924 0.428853 0.244042 0.271221
0.292313 0.288711 0.384390 0.971959
0.843082 0.173123 0.926037 0.175154
0.724738 0.326842 0.845404 0.072408
0.309403 0.865574 0.096689 0.819311
0.968116 0.219263 0.399781 0.359946
0.215389 0.911303 0.200891 0.843169
0.682760 0.472209 0.500895 0.142096
0.241569 0.021597 0.795342 0.957905
0.160180 0.860496 0.226362 0.688128
0.364441 0.575354 0.104585 0.816687
0.052766 0.848327 0.472485 0.795541
0.346859 0.640722 0.430106 0.489427
0.420944 0.516354 0.816541 0.519001
0.212420 0.366627 0.722696 0.472612
0.580046 0.392388 0.421658 0.292097
0.294535 0.482403 0.490996 0.349210
0.468563 0.679199 0.371483 0.519349
0.091552 0.817341 0.686178 0.422010
0.109242 0.650529 0.207328 0.778631
0.399427 0.361593 0.879417 0.301309
0.655335 0.468353 0.643616 0.189751
0.312264 0.287278 0.525764 0.752175
0.423239 0.494308 0.308772 0.999355
0.620726 0.085672 0.756717 0.630902
0.081549 0.993479 0.103252 0.718420
0.629645 0.165440 0.833879 0.415574
0.357217 0.366564 0.952240 0.588497
0.353045 0.792471 0.086346 0.848000
0.440898 0.865847 0.661632 0.209220
0.259784 0.906471 0.383754 0.318751
0.612811 0.163600 0.581357 0.640163
0.423085 0.850652 0.436208 0.165424
0.574878 0.176592 0.712581 0.817598
0.046301 0.402813 0.786286 0.633364
0.628195 0.290653 0.603807 0.529457
0.208059 0.048984 0.833346 0.884340
0.787000 0.249585 0.524640 0.380185
0.224368 0.928207 0.079510 0.711914
0.021672 0.567458 0.520442 0.853800
0.766592 0.916394 0.019401 0.393625
0.761520 0.324675 0.498105 0.550746
0.389672 0.853108 0.412213 0.406130
0.248853 0.780369 0.147621 0.617875
0.927098 0.331850 0.003290 0.562276
0.290254 0.494614 0.710828 0.621497
0.866448 0.027766 0.591550 0.289835
0.610354 0.516620 0.350183 0.637446
0.251833 0.936098 0.353204 0.219696
0.794991 0.124577 0.947707 0.302499
0.093834 0.706502 0.735591 0.530945
0.425919 0.404809 0.469368 0.580854
0.501742 0.649530 0.193074 0.719945
0.675180 0.522545 0.541377 0.218368
0.363590 0.825222 0.833855 0.354126
0.634836 0.154983 0.451232 0.841448
0.737161 0.782918 0.312989 0.168170
0.483749 0.196131 0.585532 0.496645
0.374852 0.271002 0.847146 0.647621
0.936395 0.501341 0.494732 0.240208
0.420905 0.905695 0.561653 0.325355
0.691216 0.758671 0.417433 0.293535
0.982616 0.303784 0.316999 0.384356
0.389696 0.610871 0.226537 0.917038
0.466261 0.173070 0.921959 0.374805
0.420491 0.849483 0.294147 0.544331
0.537739 0.420796 0.882295 0.199218
0.584317 0.681828 0.535305 0.170557
0.052974 0.600397 0.604765 0.756500
0.714029 0.768692 0.064032 0.357250
0.940458 0.034285 0.550691 0.520260
0.311668 0.101010 0.968947 0.796118
0.770830 0.360398 0.746429 0.251488
0.555602 0.749040 0.272952 0.807934
0.051208 0.919336 0.379375 0.610781
0.930021 0.054966 0.437012 0.333533
0.341598 0.864586 0.640121 0.517842
0.494220 0.561058 0.448829 0.794297
0.132582 0.902016 0.556131 0.291109
0.563526 0.987988 0.002788 0.272570
0.748616 0.904537 0.122266 0.314426
0.622655 0.541030 0.396691 0.279193
0.695346 0.464877 0.120061 0.734138
0.169085 0.966753 0.566878 0.355088
0.169235 0.605125 0.562494 0.830515
0.927390 0.228492 0.564351 0.413398
0.747038 0.124644 0.823268 0.111928
0.703662 0.284950 0.805167 0.329002
0.149559 0.067468 0.934452 0.770579
0.662275 0.168833 0.053787 0.713760
0.653927 0.180504 0.974255 0.050288
0.580563 0.328214 0.828000 0.460155
0.519392 0.624404 0.493282 0.415699
0.590471 0.449038 0.169341 0.926886
0.604770 0.294313 0.129502 0.514072
0.111486 0.377386 0.973743 0.284752
0.183592 0.279756 0.760323 0.763354
0.466284 0.500350 0.743984 0.388321
0.619592 0.071968 0.379686 0.882292
0.302585 0.529612 0.630253 0.518608
0.588975 0.188220 0.386762 0.801341
0.811209 0.496136 0.492199 0.323148
0.036711 0.927462 0.097753 0.839635
0.146479 0.590255 0.221315 0.968629
0.424736 0.328244 0.986275 0.486922
0.520619 0.685385 0.594918 0.404401
0.233156 0.141830 0.861247 0.707481
0.454083 0.569466 0.104767 0.925770
0.799556 0.278265 0.420932 0.391911
0.678954 0.420438 0.488662 0.221438
0.805736 0.661768 0.273552 0.314108
0.348408 0.546598 0.612304 0.698578
0.251609 0.633601 0.409920 0.622891
0.591583 0.623543 0.792612 0.301795
0.581503 0.302800 0.548735 0.505929
0.424116 0.208926 0.463703 0.636274
0.412207 0.677130 0.451150 0.579487
0.543614 0.986285 0.044723 0.566348
0.008079 0.432906 0.848123 0.540245
0.840766 0.630233 0.130436 0.642068
0.007096 0.700597 0.381007 0.985073
0.683302 0.740653 0.119330 0.315920
0.292877 0.595637 0.437590 0.722333
0.356749 0.235301 0.584481 0.919435
0.583665 0.927027 0.284145 0.250227
0.497911 0.679570 0.654064 0.087838
0.871768 0.046156 0.206491 0.918700
0.093450 0.291763 0.924965 0.808880
0.162426 0.602876 0.307068 0.580435
0.585863 0.687572 0.133640 0.428256
0.578089 0.177865 0.732690 0.647396
0.518570 0.810765 0.238413 0.551360
0.210452 0.417560 0.722556 0.672981
0.454968 0.450479 0.520848 0.535600
0.265772 0.647129 0.416818 0.571885
0.991693 0.575862 0.406973 0.303415
0.646388 0.753513 0.203784 0.186967
0.881312 0.237524 0.476116 0.298664
0.985400 0.398724 0.139140 0.502432
0.536478 0.533250 0.131906 0.961683
0.935947 0.279445 0.095139 0.750002
0.234717 0.149723 0.999136 0.672103
0.895304 0.591452 0.099379 0.494282
0.472409 0.352859 0.631017 0.680495
0.909945 0.701386 0.038887 0.279618
0.993890 0.543790 0.467906 0.130852
0.715213 0.172782 0.715665 0.381552
0.614698 0.659989 0.050710 0.546459
0.346799 0.212010 0.324094 0.950416
0.321176 0.244784 0.958574 0.421223
0.649975 0.625149 0.471340 0.380675
0.454916 0.346111 0.576893 0.559704
0.752514 0.432183 0.328050 0.507932
0.146992 0.948396 0.986085 0.081054
0.406750 0.596994 0.076770 0.875971
0.721160 0.361374 0.511268 0.408901
0.996233 0.077500 0.474204 0.587357
0.444209 0.012190 0.991731 0.553657
0.995004 0.298329 0.345144 0.363234
0.331875 0.506537 0.479249 0.637370
0.829975 0.172525 0.829500 0.132054
0.162249 0.462241 0.485323 0.921499
0.408180 0.608390 0.254528 0.708045
0.840885 0.589905 0.175427 0.471748
0.541437 0.177535 0.280920 0.905381
0.500406 0.373910 0.024434 0.971896
0.420021 0.516625 0.310794 0.452417
0.125547 0.681078 0.230719 0.812218
0.933512 0.553203 0.588577 0.272305
0.208044 0.921086 0.260656 0.842783
0.831016 0.670256 0.084306 0.654838
0.509048 0.669044 0.743936 0.188740
0.191240 0.646941 0.937628 0.199244
0.830563 0.010173 0.555714 0.369664
0.552464 0.253200 0.227470 0.768491
0.651483 0.752985 0.442728 0.273293
0.742147 0.336627 0.603684 0.261305
0.688722 0.390303 0.247647 0.414941
0.038119 0.785314 0.525487 0.488950
0.276523 0.754092 0.710829 0.338670
0.649328 0.257973 0.784440 0.417232
0.514756 0.530788 0.291287 0.827727
0.783892 0.043120 0.743592 0.193140
0.450071 0.459288 0.771381 0.146848
0.523018 0.180801 0.238383 0.790672
0.761888 0.399958 0.225134 0.741670
0.524713 0.991002 0.318674 0.424752
0.195196 0.730071 0.635113 0.553473
0.817874 0.434202 0.488630 0.278150
0.135028 0.380578 0.671360 0.631622
0.707258 0.396791 0.627654 0.266650
0.572622 0.398337 0.681611 0.396556
0.167545 0.817960 0.081985 0.906613
0.788967 0.457555 0.313328 0.389961
0.385807 0.137709 0.673194 0.588024
0.304695 0.087450 0.591200 0.871774
0.346757 0.713309 0.329462 0.592712
0.475622 0.678679 0.521776 0.405022
0.461701 0.747746 0.216764 0.535769
0.911593 0.506814 0.260317 0.225807
0.613167 0.541027 0.214954 0.452381
0.151309 0.466950 0.959077 0.410614
0.490171 0.503942 0.402466 0.524845
0.500393 0.929156 0.210267 0.513967
0.477279 0.661533 0.706884 0.611588
0.595523 0.215396 0.534808 0.261991
0.880425 0.246163 0.246733 0.657987
0.278403 0.619840 0.529048 0.738742
0.818236 0.242630 0.026478 0.944245
0.733329 0.676584 0.303512 0.173624
0.600426 0.501597 0.526147 0.615713
0.877696 0.820791 0.006404 0.570152
0.402916 0.929042 0.742101 0.083078
0.715025 0.626433 0.474204 0.386067
0.940745 0.107991 0.224426 0.541675
0.741252 0.488522 0.360397 0.552157
0.460067 0.200623 0.321707 0.902799
0.605387 0.491055 0.216362 0.603198
0.722972 0.167961 0.772736 0.321755
0.179675 0.668648 0.141024 0.942261
0.529773 0.542852 0.357634 0.589741
0.306302 0.020261 0.995117 0.808205
0.468101 0.493382 0.727957 0.006591
0.665311 0.311983 0.253500 0.787825
0.174518 0.603109 0.572305 0.836380
0.665724 0.308839 0.173112 0.880819
0.238069 0.612413 0.628623 0.351826
0.929720 0.045948 0.254839 0.769556
0.763014 0.031144 0.641027 0.483411
0.077068 0.993998 0.153248 0.972565
0.772882 0.569937 0.478212 0.190712
0.437328 0.334064 0.443889 0.822179
0.768748 0.819113 0.138406 0.157815
0.862350 0.153108 0.354878 0.829804
0.335099 0.605084 0.608124 0.588237
0.341584 0.102427 0.993313 0.235592
0.760429 0.920062 0.129610 0.376725
0.415250 0.492010 0.764766 0.007771
0.644334 0.607800 0.144287 0.721070
0.956924 0.341904 0.699793 0.043543
0.805725 0.271448 0.241909 0.888445
0.763891 0.452533 0.156447 0.719176
0.414526 0.178348 0.890771 0.740109
0.114747 0.919317 0.443065 0.320745
0.552625 0.323555 0.676629 0.370623
0.526347 0.832703 0.338040 0.526584
0.392533 0.436892 0.483449 0.874074
0.389657 0.771845 0.241704 0.436731
0.626933 0.716454 0.144613 0.603488
0.388429 0.235271 0.919489 0.418349
0.581842 0.506921 0.321318 0.498256
0.618025 0.537992 0.215765 0.510218
0.124210 0.370266 0.616060 0.921978
0.244318 0.920306 0.439725 0.682481
0.488085 0.770010 0.505843 0.152463
0.488619 0.606053 0.862360 0.133351
0.288788 0.846134 0.233475 0.654378
0.680214 0.329423 0.454579 0.773442
0.561684 0.561619 0.132125 0.933887
0.086014 0.464633 0.714199 0.469264
0.949412 0.169143 0.142928 0.722287
0.603718 0.610449 0.643646 0.471309
0.111033 0.270363 0.910575 0.710911
0.438747 0.760494 0.193504 0.653621
0.287477 0.780446 0.216038 0.710573
0.831852 0.425447 0.032639 0.615883
0.157420 0.370263 0.888693 0.496446
0.428559 0.433953 0.674373 0.356435
0.409240 0.255434 0.532185 0.839408
0.881306 0.878280 0.047839 0.134235
0.492926 0.285474 0.924954 0.353865
0.803927 0.120961 0.770504 0.140484
0.098693 0.699475 0.512520 0.946048
0.893362 0.298608 0.766783 0.058653
0.318255 0.652458 0.713866 0.447024
0.830797 0.178781 0.851419 0.355668
0.859939 0.046720 0.819589 0.189371
0.480186 0.544466 0.245981 0.786924
0.100850 0.602242 0.917894 0.327873
0.525962 0.332899 0.151292 0.950269
0.745077 0.800192 0.508020 0.169745
0.403116 0.720455 0.678549 0.158127
0.289624 0.246030 0.787289 0.590704
0.381129 0.732762 0.438404 0.127735
0.458512 0.958423 0.357952 0.304436
0.624068 0.566132 0.178947 0.385750
0.064487 0.575844 0.591648 0.686541
0.197116 0.479208 0.700568 0.620796
0.640235 0.451189 0.969815 0.131861
0.966524 0.483499 0.012040 0.697872
0.043709 0.136733 0.505606 0.992923
0.683593 0.215512 0.347308 0.615262
0.485213 0.237062 0.738612 0.839418
0.141688 0.325774 0.434690 0.835407
0.699013 0.447640 0.151299 0.747861
0.041889 0.430991 0.893996 0.670120
0.916903 0.228777 0.782444 0.065365
0.897710 0.573924 0.301110 0.292082
0.444659 0.785961 0.031244 0.742390
0.472885 0.985403 0.002946 0.715095
0.679793 0.368943 0.091173 0.876560
0.650862 0.904339 0.155366 0.445566
0.868789 0.100888 0.299610 0.254653
0.133531 0.234138 0.663730 0.863456
0.363657 0.298556 0.573702 0.753169
0.670148 0.720013 0.295445 0.338782
0.189550 0.775528 0.484805 0.585996
0.834709 0.688165 0.084878 0.424918
0.479198 0.502441 0.677473 0.462890
0.775093 0.152697 0.752252 0.363155
0.528135 0.426616 0.708872 0.492322
0.370710 0.746127 0.379456 0.588506
0.404519 0.556470 0.950247 0.085786
0.329235 0.416646 0.996523 0.435316
0.984540 0.098934 0.731539 0.291149
0.429055 0.290932 0.645119 0.742805
0.397666 0.270465 0.493660 0.933705
0.309584 0.950698 0.388237 0.331579
0.035102 0.984077 0.057830 0.753604
0.813332 0.437320 0.702822 0.412924
0.838881 0.183925 0.938964 0.035281
0.558514 0.804301 0.479782 0.062931
0.876295 0.422913 0.312846 0.256948
0.994767 0.297654 0.024149 0.453700
0.634940 0.136398 0.384600 0.749420
0.027086 0.276426 0.910958 0.738120
0.496870 0.809838 0.292794 0.602376
0.711034 0.053933 0.529450 0.485475
0.060829 0.552652 0.256903 0.862533
0.979981 0.017705 0.900877 0.265243
0.447466 0.885799 0.388548 0.155923
0.496399 0.697931 0.220539 0.452106
0.438077 0.309114 0.885662 0.422580
0.079649 0.369520 0.744796 0.474511
0.727309 0.593525 0.248617 0.491670
0.423986 0.164580 0.338158 0.876901
0.971329 0.106429 0.422869 0.383888
0.294946 0.317142 0.802874 0.793320
0.602699 0.645888 0.701187 0.331778
0.216488 0.807601 0.434233 0.505693
0.514520 0.408548 0.312366 0.733419
0.883988 0.879562 0.007671 0.239397
0.804916 0.250097 0.581487 0.159261
0.244477 0.734197 0.472289 0.931277
0.253617 0.422386 0.815248 0.556743
0.042130 0.957050 0.443104 0.733914
0.676641 0.374547 0.317262 0.539385
0.542195 0.956678 0.035464 0.344723
0.016166 0.520036 0.811822 0.826018
0.767597 0.753014 0.039323 0.736790
0.292032 0.697109 0.528267 0.192858
0.389990 0.418790 0.397899 0.776539
0.943162 0.053854 0.554794 0.580826
0.327828 0.162289 0.907466 0.952936
0.668090 0.243003 0.429944 0.983967
0.002578 0.873116 0.298344 0.799273
0.235783 0.111624 0.290625 0.859050
0.832036 0.034632 0.561800 0.749882
0.720500 0.319206 0.254690 0.271974
0.596735 0.364736 0.994701 0.196562
0.261070 0.854499 0.256899 0.742682
0.441684 0.344904 0.517760 0.726723
0.930672 0.510773 0.310513 0.050943
0.971129 0.061609 0.286761 0.742421
0.526588 0.221564 0.768999 0.515882
0.566500 0.510713 0.169954 0.788575
0.222390 0.742332 0.694250 0.277864
0.299918 0.320679 0.424887 0.671714
0.052241 0.418677 0.702583 0.792217
0.421190 0.748175 0.427596 0.486491
0.542984 0.824442 0.456948 0.299642
0.264895 0.479085 0.901725 0.469177
0.401421 0.763200 0.754550 0.098499
0.917478 0.182482 0.164191 0.377659
0.577187 0.377939 0.292247 0.809163
0.735070 0.534878 0.001034 0.593950
0.748498 0.240840 0.407311 0.752349
0.705814 0.543746 0.302294 0.742797
0.409885 0.581440 0.784815 0.240987
0.512292 0.441916 0.447942 0.899116
0.536711 0.240029 0.812076 0.359753
0.081379 0.376092 0.549266 0.799947
0.568316 0.804721 0.098182 0.587297
0.986128 0.148203 0.908559 0.166596
0.623777 0.724426 0.420559 0.398328
0.944537 0.171367 0.966345 0.031273
0.452937 0.350586 0.356155 0.848050
0.582846 0.177513 0.965569 0.562087
0.397760 0.198430 0.670608 0.425413
0.639175 0.255383 0.434859 0.422042
0.895141 0.396425 0.378923 0.699959
0.479010 0.551579 0.388305 0.304048
0.629046 0.237153 0.696430 0.464718
0.560145 0.656936 0.428357 0.415074
0.639642 0.126570 0.674644 0.452901
0.335871 0.489992 0.093056 0.950641
0.299310 0.146500 0.904531 0.594697
0.630040 0.282468 0.748098 0.203116
0.206607 0.501563 0.747550 0.706103
0.598301 0.672117 0.694484 0.143180
0.874787 0.508889 0.598860 0.306583
0.259464 0.290120 0.332541 0.986387
0.149358 0.913369 0.403828 0.445627
0.959708 0.146283 0.805542 0.070642
0.099971 0.674984 0.573330 0.598561
0.317681 0.361814 0.325494 0.948711
0.488611 0.322587 0.696531 0.476625
0.362381 0.888372 0.391275 0.525529
0.787211 0.574243 0.517560 0.286389
0.773729 0.670920 0.137637 0.479113
0.138240 0.556906 0.763540 0.388835
0.581081 0.668082 0.280433 0.514354
0.885020 0.511647 0.532892 0.069517
0.045474 0.579416 0.734597 0.712209
0.350896 0.352748 0.581910 0.614236
0.769720 0.321817 0.747113 0.286471
0.072824 0.795206 0.559844 0.650611
0.427783 0.367009 0.433687 0.532581
0.487985 0.389295 0.958337 0.067855
0.383957 0.646128 0.286573 0.574415
0.164969 0.902376 0.318828 0.717794
0.648463 0.594372 0.485221 0.412783
0.522674 0.010978 0.785261 0.759988
0.595284 0.241967 0.754898 0.254430
0.230891 0.352240 0.473308 0.917171
0.683769 0.392431 0.410473 0.669297
0.734745 0.470114 0.194809 0.574653
0.757137 0.237443 0.934477 0.095063
0.804713 0.120553 0.491644 0.723900
0.754921 0.613803 0.270792 0.591407
0.367259 0.820267 0.542553 0.091914
0.116928 0.474306 0.924834 0.437153
0.939362 0.291356 0.715187 0.151954
0.750135 0.932544 0.318597 0.255574
0.387627 0.239578 0.572357 0.861225
0.940946 0.260375 0.489162 0.443742
0.090126 0.824645 0.395313 0.504500
0.977120 0.135902 0.614198 0.622223
0.227269 0.376272 0.515572 0.593706
0.688014 0.399274 0.614574 0.396543
0.483211 0.543937 0.344422 0.586427
0.640164 0.168286 0.159154 0.893134
0.605674 0.936168 0.463445 0.391890
0.236185 0.598134 0.599576 0.696883
0.320360 0.850503 0.131476 0.765583
0.504337 0.654083 0.429280 0.398582
0.696245 0.189099 0.754340 0.125641
0.737711 0.381212 0.110260 0.515194
0.186611 0.390974 0.589906 0.953316
0.817566 0.574680 0.229335 0.283486
0.709308 0.668583 0.704912 0.039379
0.331006 0.704045 0.242681 0.756559
0.215664 0.852003 0.050722 0.918389
0.484535 0.773332 0.804663 0.192508
0.428269 0.272961 0.856951 0.653793
0.024819 0.657349 0.531993 0.780045
0.310500 0.480807 0.763107 0.410449
0.888260 0.643358 0.062912 0.579732
0.193882 0.481180 0.818338 0.722810
0.348968 0.257263 0.816004 0.339110
0.765496 0.679637 0.607226 0.099143
0.827850 0.304712 0.386879 0.597616
0.444827 0.673619 0.654585 0.174044
0.394894 0.601825 0.461962 0.430689
0.577394 0.053487 0.677401 0.755866
0.813152 0.268844 0.607511 0.336105
0.189520 0.903236 0.057260 0.625942
0.585512 0.470671 0.681303 0.071387
0.600003 0.683993 0.177624 0.865107
0.652897 0.652908 0.080484 0.566135
0.366686 0.187930 0.936646 0.330879
0.791921 0.255316 0.173306 0.836945
0.880220 0.078307 0.433861 0.347985
0.732600 0.651119 0.370262 0.370513
0.424624 0.918192 0.726490 0.172826
0.562890 0.585297 0.203696 0.590106
0.288815 0.128677 0.403824 0.736018
0.399259 0.105807 0.544444 0.828816
0.760725 0.476148 0.448481 0.463427
0.733700 0.554766 0.351205 0.456231
0.427148 0.802416 0.672738 0.223375
0.637768 0.730279 0.267940 0.583131
0.101139 0.587609 0.128307 0.919090
0.171161 0.470269 0.840707 0.484841
0.987126 0.057874 0.354776 0.283988
0.381679 0.263200 0.873960 0.460107
0.152274 0.568133 0.552152 0.716276
0.402194 0.695060 0.859932 0.383523
0.905360 0.140049 0.555717 0.412469
0.144407 0.996371 0.075166 0.692674
0.652897 0.549331 0.782308 0.185599
0.205984 0.578613 0.188523 0.841549
0.266162 0.275383 0.822631 0.579442
0.290837 0.747111 0.038425 0.848794
0.822456 0.124932 0.346539 0.713791
0.825748 0.488661 0.193843 0.370284
0.783472 0.334513 0.285235 0.396415
0.736093 0.247269 0.977437 0.077435
0.767522 0.680535 0.149289 0.487811
0.760195 0.389110 0.356907 0.442718
0.820449 0.726026 0.342113 0.109499
0.318025 0.630151 0.687283 0.499709
0.671408 0.679606 0.096507 0.362237
0.259245 0.584950 0.376145 0.617951
0.598309 0.773834 0.210560 0.683988
0.545757 0.949625 0.399613 0.114263
0.764068 0.393789 0.656826 0.193757
0.496906 0.576576 0.126327 0.925988
0.257119 0.836046 0.775974 0.082547
0.406189 0.901314 0.537469 0.235896
0.787068 0.276086 0.253055 0.622813
0.139878 0.459386 0.754708 0.504814
0.266807 0.888028 0.838273 0.328310
0.222588 0.934267 0.892367 0.054377
0.781396 0.382666 0.696964 0.223931
0.859795 0.099310 0.767446 0.119049
0.525643 0.585823 0.350407 0.432474
0.696172 0.027079 0.557715 0.891442
0.491141 0.221387 0.415213 0.734409
0.689342 0.225091 0.368831 0.726705
0.379982 0.321671 0.401925 0.955894
0.069420 0.592736 0.358207 0.956042
0.550963 0.366320 0.820669 0.378673
0.870535 0.040843 0.505143 0.391050
0.265488 0.448205 0.812478 0.526250
0.603427 0.244240 0.289973 0.699367
0.291322 0.088524 0.621471 0.656738
0.248731 0.360812 0.823705 0.374902
0.441210 0.786926 0.193537 0.388122
0.359932 0.451328 0.982650 0.412647
0.953164 0.080125 0.214646 0.415422
0.453845 0.485473 0.733528 0.288909
0.119172 0.910914 0.562782 0.401612
0.823711 0.457421 0.067999 0.545166
0.182636 0.567578 0.714457 0.504966
0.289863 0.639671 0.346787 0.474786
0.162107 0.730931 0.415782 0.768349
0.142050 0.822211 0.625663 0.726441
0.370590 0.218975 0.843477 0.301827
0.335195 0.335447 0.886289 0.451718
0.409976 0.469130 0.465173 0.576657
0.740946 0.171089 0.575970 0.439616
0.984454 0.364788 0.546633 0.196667
0.679933 0.910866 0.258937 0.404120
0.803318 0.473754 0.767817 0.172421
0.960993 0.193675 0.224962 0.775124
0.521447 0.853670 0.151804 0.535731
0.590599 0.461713 0.400277 0.466033
0.765977 0.221857 0.564944 0.501786
0.810917 0.067168 0.333267 0.564589
0.211873 0.413264 0.859666 0.494163
0.272215 0.976723 0.447646 0.209899
0.810557 0.260734 0.419075 0.212669
0.800974 0.057963 0.768972 0.134003
0.302167 0.865918 0.357040 0.549372
0.611843 0.468843 0.707922 0.531610
0.763014 0.042226 0.815048 0.493807
0.285835 0.704039 0.525078 0.531558
0.981418 0.283398 0.555602 0.349909
0.276951 0.531443 0.483822 0.516020
0.504769 0.660674 0.310311 0.598152
0.428852 0.476450 0.305199 0.872031
0.359901 0.636822 0.294341 0.616793
0.467708 0.404296 0.760985 0.349660
0.416627 0.496019 0.405792 0.796728
0.942605 0.215700 0.646431 0.050320
0.711537 0.746233 0.293169 0.251749
0.037939 0.693961 0.748515 0.534575
0.781318 0.318366 0.445529 0.325929
0.167352 0.686301 0.434203 0.531335
0.381542 0.629147 0.624905 0.666936
0.384166 0.725481 0.319909 0.492142
0.878347 0.336049 0.019770 0.693514
0.637987 0.565725 0.604564 0.229844
0.133702 0.876715 0.400248 0.359403
0.081321 0.741384 0.368654 0.771532
0.310939 0.177989 0.578787 0.896823
0.648303 0.618254 0.195724 0.454891
0.832556 0.353855 0.375649 0.518592
0.304381 0.094168 0.915442 0.630499
0.599502 0.809133 0.076829 0.557299
0.245704 0.317518 0.871538 0.579301
0.715861 0.085495 0.498692 0.539232
0.205789 0.718825 0.361793 0.337746
0.058108 0.287671 0.625205 0.805739
0.514743 0.422571 0.918467 0.266460
0.106046 0.913209 0.704203 0.168452
0.573961 0.665417 0.319511 0.198166
0.508101 0.753499 0.615987 0.348362
0.502868 0.536736 0.633326 0.040228
0.270403 0.075107 0.959665 0.790309
0.467150 0.768021 0.559727 0.257888
0.753543 0.234594 0.807711 0.093988
0.007533 0.784942 0.176135 0.888464
0.371753 0.905083 0.095997 0.608403
0.669636 0.268108 0.772110 0.314228
0.383915 0.889140 0.130793 0.560006
0.199262 0.484410 0.446116 0.960020
0.579139 0.192383 0.243343 0.988906
0.720086 0.374953 0.349245 0.328345
0.651497 0.746762 0.561673 0.298124
0.398408 0.482268 0.603967 0.610846
0.749010 0.123896 0.333421 0.942844
0.407068 0.876347 0.102535 0.695930
0.671234 0.697785 0.299321 0.565240
0.366457 0.598845 0.409483 0.611145
0.408371 0.516694 0.461915 0.611849
0.397654 0.798131 0.640277 0.072182
0.397155 0.908162 0.003195 0.884189
0.766207 0.253045 0.085457 0.828457
0.935324 0.180006 0.754661 0.247149
0.299533 0.765622 0.074549 0.599566
0.604722 0.529689 0.037417 0.793872
0.816035 0.494617 0.241131 0.286366
0.871384 0.104626 0.030041 0.726427
0.941308 0.582444 0.324964 0.048579
0.747660 0.528128 0.546196 0.110526
0.594647 0.214768 0.461760 0.345526
0.358255 0.658918 0.659243 0.368930
0.053245 0.350410 0.819337 0.574840
0.333281 0.147385 0.574599 0.894073
0.312959 0.826591 0.483801 0.488188
0.222014 0.694279 0.278610 0.969332
0.042218 0.504168 0.317533 0.989022
0.778144 0.176100 0.343250 0.648894
0.491722 0.505561 0.635262 0.332681
0.346592 0.520479 0.419245 0.451380
0.436979 0.787475 0.244422 0.445519
0.154505 0.520104 0.620565 0.625946
0.809211 0.642279 0.251990 0.584402
0.611747 0.137309 0.775603 0.315123
0.388769 0.712582 0.050456 0.782394
0.733642 0.155346 0.716421 0.192325
0.775324 0.489112 0.499144 0.204410
0.542560 0.793580 0.293896 0.247198
0.837669 0.655492 0.006560 0.460787
0.399970 0.752289 0.499321 0.245437
0.315086 0.843752 0.243602 0.428315
0.722312 0.592860 0.629671 0.265897
0.756278 0.841385 0.247727 0.106877
0.446362 0.557575 0.627739 0.500664
0.355099 0.742763 0.404277 0.169245
0.441338 0.695929 0.161313 0.629166
0.580629 0.596961 0.568663 0.436180
0.477763 0.310906 0.923867 0.476684
0.496571 0.943628 0.398343 0.149122
0.108578 0.467044 0.977647 0.454971
0.178579 0.851535 0.349257 0.475326
0.830980 0.641795 0.365388 0.085612
0.275850 0.694056 0.347440 0.771784
0.325168 0.325325 0.367825 0.688694
0.477187 0.447992 0.886313 0.141010
0.528303 0.768627 0.699475 0.191314
0.594971 0.609822 0.199565 0.701999
0.723945 0.552266 0.294600 0.606713
0.503367 0.185274 0.576076 0.816826
0.517226 0.879513 0.844354 0.067339
0.962743 0.489365 0.158785 0.532323
0.392517 0.421827 0.617058 0.450298
0.585337 0.033541 0.894412 0.472117
0.721958 0.947133 0.301084 0.043552
0.609441 0.590741 0.360481 0.229551
0.815234 0.139372 0.690696 0.424296
0.554602 0.659274 0.609678 0.484386
0.094145 0.775062 0.821498 0.276396
0.362778 0.411164 0.454966 0.651937
0.140585 0.771911 0.487377 0.715264
0.566430 0.592258 0.404657 0.479188
0.496844 0.340710 0.785275 0.577908
0.343582 0.322932 0.354833 0.742498
0.816034 0.653841 0.269908 0.381344
0.258253 0.965335 0.594874 0.138747
0.509267 0.480463 0.611160 0.138817
0.622468 0.067226 0.648055 0.723714
0.365882 0.554464 0.163399 0.932132
0.888218 0.307504 0.416478 0.353564
0.207532 0.628882 0.805349 0.552013
0.563991 0.382069 0.306055 0.859454
0.386153 0.620637 0.539315 0.727130
0.479169 0.676035 0.422028 0.450249
0.302414 0.265625 0.547697 0.890779
0.764603 0.162500 0.984588 0.200692
0.331143 0.434196 0.792698 0.225868
0.711274 0.021501 0.665483 0.248901
0.521406 0.398312 0.459438 0.548900
0.818599 0.316878 0.562032 0.523439
0.746488 0.623956 0.147028 0.756940
0.840720 0.250022 0.481689 0.749764
0.464612 0.399777 0.517121 0.483785
0.408556 0.275669 0.927413 0.752877
0.344531 0.659059 0.560602 0.150987
0.531013 0.758100 0.362407 0.121563
0.825218 0.687472 0.156665 0.746685
0.174483 0.808991 0.562974 0.507058
0.288378 0.517471 0.940235 0.596418
0.576771 0.230229 0.720179 0.589628
0.120774 0.796842 0.872773 0.479146
0.356007 0.553182 0.580172 0.240491
0.835928 0.606220 0.030877 0.678877
0.387830 0.640659 0.907920 0.190721
0.233018 0.776333 0.713922 0.207557
0.809289 0.459186 0.197273 0.781614
0.371961 0.272840 0.419962 0.801484
0.583109 0.052649 0.738310 0.469884
0.166536 0.989612 0.076304 0.815686
0.622470 0.001423 0.984945 0.385283
0.289342 0.658868 0.569877 0.146962
0.739587 0.296287 0.405529 0.405239
0.763566 0.387826 0.256614 0.508531
0.155991 0.420027 0.797031 0.844747
0.833040 0.225468 0.525096 0.322364
0.945553 0.539024 0.099861 0.538078
0.461648 0.758560 0.774638 0.049253
0.267160 0.648177 0.801597 0.473542
0.600457 0.516507 0.217407 0.804228
0.719767 0.149701 0.221710 0.928135
0.469909 0.173928 0.895187 0.247871
0.414243 0.512209 0.407384 0.632264
0.790420 0.571376 0.653742 0.193065
0.339967 0.749904 0.430431 0.426798
0.829737 0.190914 0.405181 0.709765
0.687946 0.139449 0.503942 0.605283
0.818122 0.130086 0.914953 0.163461
0.773984 0.224102 0.455108 0.560299
0.412367 0.666554 0.691862 0.488947
0.853389 0.866242 0.378308 0.011883
0.251330 0.665443 0.437548 0.682629
0.156629 0.148309 0.955623 0.471662
0.653329 0.078469 0.561042 0.595885
0.373578 0.016758 0.552070 0.882968
0.740423 0.608211 0.282662 0.448085
0.223267 0.889399 0.050584 0.655725
0.337144 0.589965 0.365980 0.819077
0.781587 0.709643 0.286830 0.329681
0.135244 0.304514 0.839038 0.745994
0.175012 0.880790 0.589846 0.467284
0.396975 0.154513 0.811026 0.630741
0.380881 0.584145 0.235741 0.806272
0.231976 0.666802 0.518006 0.430693
0.654743 0.636000 0.345290 0.045984
0.619234 0.035415 0.716391 0.949473
0.282395 0.511012 0.618782 0.474932
0.604804 0.291475 0.989143 0.328015
0.358942 0.287302 0.841227 0.459724
0.524501 0.298489 0.664579 0.625978